0.6202355231773032 0.2682859737701909 -0.7371095794162206 3.0 0.7844156396891732 -0.21213312065274992 0.5828307158456492 -1.3333333730697632 -4.920077123493627e-08 -0.9396925962251204 -0.3420202108058694 1.5 0.0 0.0 0.0 1.0
0.36920618816374695 0.31785555720081743 -0.8733009992998715 3.0 0.9293475079977325 -0.12627597674808677 0.34694032206522446 -0.6666666865348816 -2.7296198246151704e-08 -0.9396926212612691 -0.3420201420196256 1.5 0.0 0.0 0.0 1.0
0.08715570036153264 0.3407186703390964 -0.9361168044516932 3.0 0.9961947018000487 -0.029808950274806678 0.08189958845456424 0.0 5.9604247149014356e-08 -0.9396926168518475 -0.34202015413440834 1.5 0.0 0.0 0.0 1.0
-0.2022175348446842 0.33495424571822763 -0.9202791543204007 3.0 0.9793406295060666 0.06916246998855113 -0.19002232538242408 0.6666666865348816 -5.276319658964468e-09 -0.9396926125177403 -0.34202016604227303 1.5 0.0 0.0 0.0 1.0
-0.47460038559250517 0.30104661054987764 -0.8271187413375878 3.0 0.8802013826366355 0.1623229076750683 -0.4459784744227754 1.3333333730697632 1.0983278120324513e-08 -0.939692615657025 -0.3420201574171591 1.5 0.0 0.0 0.0 1.0
-0.7071067755034326 0.24184475519627116 -0.6644630331487177 3.0 0.7071067868696622 0.24184477495991563 -0.6644630138596503 2.0 1.779717084815502e-08 -0.9396926195350497 -0.3420201467623747 1.5 0.0 0.0 0.0 1.0
-0.8660253819969062 0.1710100752143524 -0.4698463492593029 2.1666667461395264 0.5000000377371114 0.29619814958044643 -0.8137976520290575 2.0 2.155498124434274e-08 -0.9396926148269451 -0.34202015969778543 1.5 0.0 0.0 0.0 1.0
-0.9659258262520645 0.08852132594782029 -0.24321034729572366 1.3333333730697632 0.25881904524062116 0.3303660633282076 -0.9076733806947057 2.0 -6.189861609384728e-09 -0.9396926300942572 -0.34202011775118946 1.5 0.0 0.0 0.0 1.0
-1.0 1.0031719513241337e-16 -7.024285685326076e-17 0.5 1.0031719513241339e-16 0.3420201356637701 -0.9396926235746114 2.0 -7.024285685326073e-17 -0.9396926235746114 -0.34202013566377 1.5 0.0 0.0 0.0 1.0
-0.9659258262520645 -0.08852132594782029 0.24321034729572366 -0.3333333432674408 -0.25881904524062116 0.3303660633282076 -0.9076733806947057 2.0 6.189861609384728e-09 -0.9396926300942572 -0.34202011775118946 1.5 0.0 0.0 0.0 1.0
-0.8660253819969062 -0.1710100752143524 0.4698463492593029 -1.1666666269302368 -0.5000000377371114 0.29619814958044643 -0.8137976520290575 2.0 -2.155498124434274e-08 -0.9396926148269451 -0.34202015969778543 1.5 0.0 0.0 0.0 1.0
-0.7071067755034326 -0.24184475519627116 0.6644630331487177 -2.0 -0.7071067868696622 0.24184477495991563 -0.6644630138596503 2.0 -1.779717084815502e-08 -0.9396926195350497 -0.3420201467623747 1.5 0.0 0.0 0.0 1.0
-0.561602111556232 -0.2829900251392809 0.7775086584516279 -2.0 -0.8274074379020173 0.19207925834449235 -0.5277333514363564 1.3333333730697632 -1.2081998290724982e-08 -0.9396926115414012 -0.3420201687247415 1.5 0.0 0.0 0.0 1.0
-0.3960798014701101 -0.31404838877249625 0.8628408893746267 -2.0 -0.9182160915968514 0.13546727649398704 -0.37219326449024287 0.6666666865348816 -1.0306093700673813e-08 -0.9396926234193288 -0.3420201360904047 1.5 0.0 0.0 0.0 1.0
-0.21643959604062624 -0.3339128922406041 0.917418160743118 -2.0 -0.9762960110877084 0.07402670912160825 -0.20338668852915204 0.0 -9.91820370277452e-09 -0.9396926235382184 -0.34202013576375956 1.5 0.0 0.0 0.0 1.0
-0.029084700911505834 -0.3418754662803348 0.939295079156967 -2.0 -0.9995769506010473 0.009947532033226847 -0.027330686664630066 -0.6666666865348816 2.3358665501849174e-08 -0.9396926157856367 -0.3420201570638026 1.5 0.0 0.0 0.0 1.0
0.15930683730996487 -0.3376523087745191 0.9276918938772362 -2.0 -0.9872291180806485 -0.054486193121206394 0.1496994427940987 -1.3333333730697632 3.720508634508235e-08 -0.9396925950215822 -0.34202021411256256 1.5 0.0 0.0 0.0 1.0
0.3420201541401975 -0.32139381352698076 0.8830222142100956 -2.0 -0.9396926168497419 -0.11697778620177779 0.32139381352698076 -2.0 4.1187314669954844e-10 -0.9396926168497419 -0.3420201541401977 1.5 0.0 0.0 0.0 1.0
