-0.9876883404913284 0.040488216889987896 -0.15110409111124362 5.320000171661377 0.156434465695657 0.25563250945449734 -0.9540336881119611 3.299999952316284 -4.885023940914834e-09 -0.9659258379415396 -0.25881900161490123 2.200000047683716 0.0 0.0 0.0 1.0
-0.951056494557605 0.07997949106276873 -0.29848756283828753 5.639999866485596 0.3090170612762344 0.24615154214954116 -0.9186500281051554 2.5999999046325684 1.2192454046378032e-08 -0.9659258249507273 -0.2588190500972767 2.200000047683716 0.0 0.0 0.0 1.0
-0.8910064969612805 0.11750140624322158 -0.43852119892161845 5.960000038146973 0.45399055317571113 0.23060947211660365 -0.8606461810740308 1.899999976158142 5.641197703409873e-09 -0.9659258205995774 -0.2588190663359895 2.200000047683716 0.0 0.0 0.0 1.0
-0.8090170252055908 0.15213002281928079 -0.5677569102040956 6.28000020980835 0.5877852098577303 0.20938906141564706 -0.7814504258313372 1.2000000476837158 1.5426025345988137e-08 -0.9659258134642016 -0.2588190929655698 2.200000047683716 0.0 0.0 0.0 1.0
-0.707106776311536 0.18301268594762876 -0.6830127112115418 6.599999904632568 0.7071067860615581 0.1830127132310675 -0.6830126938070014 0.5 2.182018693508425e-08 -0.9659258271617119 -0.2588190418457683 2.200000047683716 0.0 0.0 0.0 1.0
-0.5877852357218822 0.20938906476939284 -0.7814504054784095 6.920000076293945 0.8090170064141864 0.15213005338174046 -0.5677569287914481 -0.20000000298023224 -4.3537079497113496e-10 -0.9659258079237081 -0.25881911364296917 2.200000047683716 0.0 0.0 0.0 1.0
-0.45399049965822535 0.23060950924314366 -0.8606461993564551 7.239999771118164 0.8910065242298024 0.11750144850974942 -0.4385211321909548 -0.8999999761581421 3.199149017918401e-08 -0.9659258065942471 -0.2588191186045803 2.200000047683716 0.0 0.0 0.0 1.0
-0.3090169846659847 0.24615156812879774 -0.9186500469143173 7.559999942779541 0.9510565194497871 0.0799794820320654 -0.2984874859452901 -1.600000023841858 -7.811315649863815e-09 -0.9659258190780577 -0.2588190720143779 2.200000047683716 0.0 0.0 0.0 1.0
-0.15643441767739397 0.2556325589855376 -0.9540336827137919 7.880000114440918 0.9876883480966719 0.04048816462040816 -0.15110405540467153 -2.299999952316284 -4.3557058460041986e-08 -0.9659258270240921 -0.2588190423593706 2.200000047683716 0.0 0.0 0.0 1.0
2.220446049250313e-16 0.2588189756341456 -0.9659258449030605 8.199999809265137 0.9999999999999999 0.0 1.1102230246251565e-16 -3.0 -1.1102230246251565e-16 -0.9659258449030605 -0.25881897563414547 2.200000047683716 0.0 0.0 0.0 1.0
0.17364819807311682 0.2548869697327476 -0.951251247550518 7.730000019073486 0.9848077494140457 -0.044943495477625106 0.16773126991796955 -3.3299999237060547 -4.10235552195104e-08 -0.9659258330092999 -0.25881902002227 2.200000047683716 0.0 0.0 0.0 1.0
0.34202010972682695 0.2432103595732376 -0.907673380428613 7.260000228881836 0.939692633014886 -0.08852132268246193 0.33036605589572654 -3.6600000858306885 -9.540103707017522e-10 -0.9659258234599611 -0.25881905566089225 2.200000047683716 0.0 0.0 0.0 1.0
0.5000000193252152 0.22414388157389514 -0.8365162885609413 6.789999961853027 0.8660253926270192 -0.1294095820265655 0.4829629172151075 -3.990000009536743 -4.03402393711616e-08 -0.9659258151808021 -0.25881908655912733 2.200000047683716 0.0 0.0 0.0 1.0
0.6427875200003751 0.1982669503605226 -0.7399421737720492 6.320000171661377 0.7660445183745943 -0.16636561176462816 0.6208850772006178 -4.320000171661377 5.8370888456060754e-08 -0.9659258251112863 -0.2588190494980567 2.200000047683716 0.0 0.0 0.0 1.0
0.7660444188066811 0.1663656605657767 -0.6208851869707048 5.849999904632568 0.642787638660804 -0.19826679300411532 0.7399421128552768 -4.650000095367432 4.354116250882001e-08 -0.9659258490051792 -0.25881896032482254 2.200000047683716 0.0 0.0 0.0 1.0
0.8660254201075441 0.12940951180160284 -0.48296288675510324 5.380000114440918 0.49999997172755006 -0.22414380719160376 0.8365163369415465 -4.980000019073486 3.060813447142152e-08 -0.9659258418496341 -0.25881898702969064 2.200000047683716 0.0 0.0 0.0 1.0
0.9396926407853422 0.0885213195670545 -0.3303660346282245 4.909999847412109 0.34202008837766995 -0.2432104426091477 0.9076733662237716 -5.309999942779541 -2.5390960944893237e-08 -0.9659258028378627 -0.2588191326235938 2.200000047683716 0.0 0.0 0.0 1.0
0.9848077427524524 0.044943468952992435 -0.1677313161377172 4.440000057220459 0.17364823585288552 -0.254887033698203 0.9512512235144359 -5.639999866485596 -7.798121176572081e-09 -0.9659258173643575 -0.25881907840999174 2.200000047683716 0.0 0.0 0.0 1.0
1.0 0.0 0.0 3.9700000286102295 0.0 -0.2588190190685902 0.9659258332648386 -5.96999979019165 0.0 -0.9659258332648386 -0.2588190190685902 2.200000047683716 0.0 0.0 0.0 1.0
0.9848077427524524 -0.044943468952992435 0.1677313161377172 3.5 -0.17364823585288552 -0.254887033698203 0.9512512235144359 -6.300000190734863 7.798121176572081e-09 -0.9659258173643575 -0.25881907840999174 2.200000047683716 0.0 0.0 0.0 1.0
-0.9969173371831821 0.02030670454759559 -0.07578562247557577 5.159999847412109 0.07845905189073973 0.2580212087523034 -0.9629481985083136 3.6500000953674316 -6.64455396259811e-09 -0.9659258219886334 -0.25881906115196207 2.200000047683716 0.0 0.0 0.0 1.0
-0.9876883404913284 0.040488216889987896 -0.15110409111124362 5.320000171661377 0.156434465695657 0.25563250945449734 -0.9540336881119611 3.299999952316284 -4.885023940914834e-09 -0.9659258379415396 -0.25881900161490123 2.200000047683716 0.0 0.0 0.0 1.0
-0.9723699119518785 0.060420115529303264 -0.2254909398847818 5.480000019073486 0.23344539903518474 0.25166786375864425 -0.9392372075362347 2.950000047683716 2.5489724636562627e-09 -0.9659258232341583 -0.2588190565036006 2.200000047683716 0.0 0.0 0.0 1.0
-0.951056494557605 0.07997949106276873 -0.29848756283828753 5.639999866485596 0.3090170612762344 0.24615154214954116 -0.9186500281051554 2.5999999046325684 1.2192454046378032e-08 -0.9659258249507273 -0.2588190500972767 2.200000047683716 0.0 0.0 0.0 1.0
-0.9238795334940875 0.09904576658809697 -0.3696438065377581 5.800000190734863 0.38268342999239824 0.23911757409275725 -0.892399113720564 2.25 -2.4023270372985905e-08 -0.9659258366360075 -0.258819006487214 2.200000047683716 0.0 0.0 0.0 1.0
-0.8910064969612805 0.11750140624322158 -0.43852119892161845 5.960000038146973 0.45399055317571113 0.23060947211660365 -0.8606461810740308 1.899999976158142 5.641197703409873e-09 -0.9659258205995774 -0.2588190663359895 2.200000047683716 0.0 0.0 0.0 1.0
-0.852640166496178 0.13523258154419934 -0.5046948537148567 6.119999885559082 0.5224985612203815 0.22067955080285984 -0.8235871474106908 1.5499999523162842 1.753933875914271e-08 -0.9659258174137075 -0.25881907822581396 2.200000047683716 0.0 0.0 0.0 1.0
-0.8090170252055908 0.15213002281928079 -0.5677569102040956 6.28000020980835 0.5877852098577303 0.20938906141564706 -0.7814504258313372 1.2000000476837158 1.5426025345988137e-08 -0.9659258134642016 -0.2588190929655698 2.200000047683716 0.0 0.0 0.0 1.0
-0.7604059695339447 0.16808951643844863 -0.6273186398957313 6.440000057220459 0.6494480437241622 0.1968075727912869 -0.7344957575063733 0.8500000238418579 2.217927197456504e-08 -0.9659258220771878 -0.25881906082147177 2.200000047683716 0.0 0.0 0.0 1.0
-0.707106776311536 0.18301268594762876 -0.6830127112115418 6.599999904632568 0.7071067860615581 0.1830127132310675 -0.6830126938070014 0.5 2.182018693508425e-08 -0.9659258271617119 -0.2588190418457683 2.200000047683716 0.0 0.0 0.0 1.0
-0.6494480460987053 0.1968074989116798 -0.7344957752027598 6.760000228881836 0.7604059675058933 0.16808950288799962 -0.6273186459848705 0.15000000596046448 1.599022392273497e-08 -0.9659258394882053 -0.258818995842665 2.200000047683716 0.0 0.0 0.0 1.0
-0.5877852357218822 0.20938906476939284 -0.7814504054784095 6.920000076293945 0.8090170064141864 0.15213005338174046 -0.5677569287914481 -0.20000000298023224 -4.3537079497113496e-10 -0.9659258079237081 -0.25881911364296917 2.200000047683716 0.0 0.0 0.0 1.0
-0.5224985741734092 0.22067950495971994 -0.8235871514766898 7.079999923706055 0.852640158558553 0.13523254841793264 -0.504694876000973 -0.550000011920929 -2.605314308734563e-08 -0.9659258325250054 -0.2588190218296851 2.200000047683716 0.0 0.0 0.0 1.0
-0.45399049965822535 0.23060950924314366 -0.8606461993564551 7.239999771118164 0.8910065242298024 0.11750144850974942 -0.4385211321909548 -0.8999999761581421 3.199149017918401e-08 -0.9659258065942471 -0.2588191186045803 2.200000047683716 0.0 0.0 0.0 1.0
-0.3826834422468641 0.23911762672988507 -0.8923990943614624 7.400000095367432 0.9238795284181214 0.0990457414552739 -0.3696438259588339 -1.25 -2.442358498777608e-08 -0.9659258261826538 -0.2588190454996637 2.200000047683716 0.0 0.0 0.0 1.0
-0.3090169846659847 0.24615156812879774 -0.9186500469143173 7.559999942779541 0.9510565194497871 0.0799794820320654 -0.2984874859452901 -1.600000023841858 -7.811315649863815e-09 -0.9659258190780577 -0.2588190720143779 2.200000047683716 0.0 0.0 0.0 1.0
-0.23344536905612867 0.2516678528106624 -0.9392372179209674 7.71999979019165 0.9723699191492128 0.06042014587983169 -0.22549090071577932 -1.9500000476837158 3.891106981068759e-08 -0.9659258241881366 -0.2588190529433023 2.200000047683716 0.0 0.0 0.0 1.0
-0.15643441767739397 0.2556325589855376 -0.9540336827137919 7.880000114440918 0.9876883480966719 0.04048816462040816 -0.15110405540467153 -2.299999952316284 -4.3557058460041986e-08 -0.9659258270240921 -0.2588190423593706 2.200000047683716 0.0 0.0 0.0 1.0
-0.07845907825291487 0.25802124052710895 -0.9629481878463424 8.039999961853027 0.9969173351084346 0.020306708827559694 -0.07578564862089487 -2.6500000953674316 1.3953070920891264e-09 -0.9659258134108667 -0.2588190931646186 2.200000047683716 0.0 0.0 0.0 1.0
2.220446049250313e-16 0.2588189756341456 -0.9659258449030605 8.199999809265137 0.9999999999999999 0.0 1.1102230246251565e-16 -3.0 -1.1102230246251565e-16 -0.9659258449030605 -0.25881897563414547 2.200000047683716 0.0 0.0 0.0 1.0
0.08715569099823983 0.2578341478672449 -0.9622501949702016 7.965000152587891 0.9961947026192309 -0.022557515737098077 0.08418594275265084 -3.1649999618530273 3.689596439482301e-08 -0.9659258308365826 -0.25881902813096325 2.200000047683716 0.0 0.0 0.0 1.0
0.17364819807311682 0.2548869697327476 -0.951251247550518 7.730000019073486 0.9848077494140457 -0.044943495477625106 0.16773126991796955 -3.3299999237060547 -4.10235552195104e-08 -0.9659258330092999 -0.25881902002227 2.200000047683716 0.0 0.0 0.0 1.0
0.25881907493243794 0.2500000178512967 -0.9330126888341168 7.494999885559082 0.965925818296165 -0.06698734673978013 0.2500000178512967 -3.494999885559082 -3.557389677277811e-08 -0.965925818296165 -0.25881907493243794 2.200000047683716 0.0 0.0 0.0 1.0
0.34202010972682695 0.2432103595732376 -0.907673380428613 7.260000228881836 0.939692633014886 -0.08852132268246193 0.33036605589572654 -3.6600000858306885 -9.540103707017522e-10 -0.9659258234599611 -0.25881905566089225 2.200000047683716 0.0 0.0 0.0 1.0
0.4226182677256287 0.23456972735424458 -0.8754260921365917 7.025000095367432 0.9063077842458303 -0.10938171472643976 0.4082178838548323 -3.825000047683716 -4.935721192866893e-08 -0.9659258167646516 -0.25881908064812076 2.200000047683716 0.0 0.0 0.0 1.0
0.5000000193252152 0.22414388157389514 -0.8365162885609413 6.789999961853027 0.8660253926270192 -0.1294095820265655 0.4829629172151075 -3.990000009536743 -4.03402393711616e-08 -0.9659258151808021 -0.25881908655912733 2.200000047683716 0.0 0.0 0.0 1.0
0.573576422544898 0.21201219492418033 -0.791240113179323 6.554999828338623 0.81915205395616 -0.1484524950701449 0.5540322817371321 -4.15500020980835 3.1108886855424345e-08 -0.9659258180165182 -0.25881907597609377 2.200000047683716 0.0 0.0 0.0 1.0
0.6427875200003751 0.1982669503605226 -0.7399421737720492 6.320000171661377 0.7660445183745943 -0.16636561176462816 0.6208850772006178 -4.320000171661377 5.8370888456060754e-08 -0.9659258251112863 -0.2588190494980567 2.200000047683716 0.0 0.0 0.0 1.0
0.7071067763115365 0.18301268594762887 -0.6830127112115421 6.085000038146973 0.7071067860615582 -0.1830127132310675 0.6830126938070016 -4.485000133514404 -2.1820187046106554e-08 -0.9659258271617122 -0.258819041845769 2.200000047683716 0.0 0.0 0.0 1.0
0.7660444188066811 0.1663656605657767 -0.6208851869707048 5.849999904632568 0.642787638660804 -0.19826679300411532 0.7399421128552768 -4.650000095367432 4.354116250882001e-08 -0.9659258490051792 -0.25881896032482254 2.200000047683716 0.0 0.0 0.0 1.0
0.8191520568945343 0.1484525473165735 -0.554032263393274 5.614999771118164 0.5735764183484646 -0.21201217345118284 0.7912401219750249 -4.815000057220459 2.7322182516442695e-08 -0.9659258146999312 -0.2588190883537633 2.200000047683716 0.0 0.0 0.0 1.0
0.8660254201075441 0.12940951180160284 -0.48296288675510324 5.380000114440918 0.49999997172755006 -0.22414380719160376 0.8365163369415465 -4.980000019073486 3.060813447142152e-08 -0.9659258418496341 -0.25881898702969064 2.200000047683716 0.0 0.0 0.0 1.0
0.9063077772289131 0.10938167575955879 -0.4082179098746374 5.144999980926514 0.42261828277345836 -0.23456975182906126 0.875426078314135 -5.144999980926514 -2.36185293545077e-09 -0.9659258152336978 -0.25881908636172213 2.200000047683716 0.0 0.0 0.0 1.0
0.9396926407853422 0.0885213195670545 -0.3303660346282245 4.909999847412109 0.34202008837766995 -0.2432104426091477 0.9076733662237716 -5.309999942779541 -2.5390960944893237e-08 -0.9659258028378627 -0.2588191326235938 2.200000047683716 0.0 0.0 0.0 1.0
0.9659258425766502 0.0669872876516261 -0.24999993987132613 4.675000190734863 0.25881898431642913 -0.24999995040803813 0.9330127320424894 -5.474999904632568 1.9694115685475744e-08 -0.9659258398495488 -0.2588189944941115 2.200000047683716 0.0 0.0 0.0 1.0
0.9848077427524524 0.044943468952992435 -0.1677313161377172 4.440000057220459 0.17364823585288552 -0.254887033698203 0.9512512235144359 -5.639999866485596 -7.798121176572081e-09 -0.9659258173643575 -0.25881907840999174 2.200000047683716 0.0 0.0 0.0 1.0
0.9961946926656153 0.022557570690872414 -0.08418604581156264 4.204999923706055 0.08715580476858693 -0.25783417941087916 0.9622501762133682 -5.804999828338623 -1.3667433455821776e-08 -0.9659258211333024 -0.2588190643440993 2.200000047683716 0.0 0.0 0.0 1.0
1.0 0.0 0.0 3.9700000286102295 0.0 -0.2588190190685902 0.9659258332648386 -5.96999979019165 0.0 -0.9659258332648386 -0.2588190190685902 2.200000047683716 0.0 0.0 0.0 1.0
0.9961946926656153 -0.022557570690872414 0.08418604581156264 3.734999895095825 -0.08715580476858693 -0.25783417941087916 0.9622501762133682 -6.135000228881836 1.3667433455821776e-08 -0.9659258211333024 -0.2588190643440993 2.200000047683716 0.0 0.0 0.0 1.0
0.9848077427524524 -0.044943468952992435 0.1677313161377172 3.5 -0.17364823585288552 -0.254887033698203 0.9512512235144359 -6.300000190734863 7.798121176572081e-09 -0.9659258173643575 -0.25881907840999174 2.200000047683716 0.0 0.0 0.0 1.0
0.9902680704245798 -0.03602064554447415 0.1344308810955983 3.055000066757202 -0.1391730889848304 -0.25630020638535456 0.9565255122103359 -6.34499979019165 -3.860208194761405e-09 -0.965925834265439 -0.25881901533429885 2.200000047683716 0.0 0.0 0.0 1.0
0.9945218882542274 -0.027053956825532702 0.10096681238569587 2.609999895095825 -0.10452853095325597 -0.2574011975472206 0.960634378792478 -6.389999866485596 1.7411629568697684e-08 -0.9659258288923318 -0.258819035387007 2.200000047683716 0.0 0.0 0.0 1.0
0.9975640508651015 -0.018054306500374998 0.06737956988880034 2.1649999618530273 -0.06975646508825688 -0.2581885957279457 0.9635728745738031 -6.434999942779541 -3.4826604933257954e-09 -0.9659258206781832 -0.2588190660426277 2.200000047683716 0.0 0.0 0.0 1.0
0.999390827304436 -0.009032650003650278 0.033710317911088666 1.7200000286102295 -0.034899488531425625 -0.2586613196388108 0.9653374267182196 -6.480000019073486 2.0535595446347088e-10 -0.9659258423691855 -0.258818985090699 2.200000047683716 0.0 0.0 0.0 1.0
1.0 0.0 0.0 1.274999976158142 0.0 -0.2588190190685902 0.9659258332648386 -6.525000095367432 0.0 -0.9659258332648386 -0.2588190190685902 2.200000047683716 0.0 0.0 0.0 1.0
0.999390827304436 0.009032650003650278 -0.033710317911088666 0.8299999833106995 0.034899488531425625 -0.2586613196388108 0.9653374267182196 -6.570000171661377 -2.0535595446347088e-10 -0.9659258423691855 -0.258818985090699 2.200000047683716 0.0 0.0 0.0 1.0
0.9975640508651015 0.018054306500374998 -0.06737956988880034 0.38499999046325684 0.06975646508825688 -0.2581885957279457 0.9635728745738031 -6.614999771118164 3.4826604933257954e-09 -0.9659258206781832 -0.2588190660426277 2.200000047683716 0.0 0.0 0.0 1.0
0.9945218882542274 0.027053956825532702 -0.10096681238569587 -0.05999999865889549 0.10452853095325597 -0.2574011975472206 0.960634378792478 -6.659999847412109 -1.7411629568697684e-08 -0.9659258288923318 -0.258819035387007 2.200000047683716 0.0 0.0 0.0 1.0
0.9902680704245798 0.03602064554447415 -0.1344308810955983 -0.5049999952316284 0.1391730889848304 -0.25630020638535456 0.9565255122103359 -6.704999923706055 3.860208194761405e-09 -0.965925834265439 -0.25881901533429885 2.200000047683716 0.0 0.0 0.0 1.0
0.9848077427524524 0.044943468952992435 -0.1677313161377172 -0.949999988079071 0.17364823585288552 -0.254887033698203 0.9512512235144359 -6.75 -7.798121176572081e-09 -0.9659258173643575 -0.25881907840999174 2.200000047683716 0.0 0.0 0.0 1.0
0.9781475951197439 0.053811502992411414 -0.2008272997058897 -1.3949999809265137 0.20791171722984123 -0.2531631418593143 0.944818046738344 -6.795000076293945 8.98467955590121e-09 -0.9659258489913285 -0.25881896037651786 2.200000047683716 0.0 0.0 0.0 1.0
0.9702957371843415 0.06261398813642316 -0.23367856318359043 -1.840000033378601 0.2419218518486813 -0.2511310771510302 0.9372336953434119 -6.840000152587891 -9.798111724745873e-09 -0.9659258100799537 -0.2588191055957516 2.200000047683716 0.0 0.0 0.0 1.0
0.9612616983002739 0.07134020531885175 -0.26624522997781086 -2.2850000858306885 0.27563734757988295 -0.24879290545428412 0.9285074812917462 -6.885000228881836 -9.974080561470089e-09 -0.9659258073478934 -0.2588191157919373 2.200000047683716 0.0 0.0 0.0 1.0
0.951056494557605 0.07997949106276873 -0.29848756283828753 -2.7300000190734863 0.3090170612762344 -0.24615154214954105 0.9186500281051554 -6.929999828338623 -1.2192454046378032e-08 -0.9659258249507273 -0.2588190500972767 2.200000047683716 0.0 0.0 0.0 1.0
0.9396926407853422 0.0885213195670545 -0.3303660346282245 -3.174999952316284 0.34202008837766995 -0.2432104426091477 0.9076733662237716 -6.974999904632568 -2.5390960944893237e-08 -0.9659258028378627 -0.2588191326235938 2.200000047683716 0.0 0.0 0.0 1.0
0.9271838381850619 0.0969553260295763 -0.3618422238530429 -3.619999885559082 0.3746066339621023 -0.23997276240069398 0.8955908346434569 -7.019999980926514 2.3350731764848476e-08 -0.9659258450110333 -0.25881897523118513 2.200000047683716 0.0 0.0 0.0 1.0
0.9135454435735205 0.10527118258617382 -0.39287746263048484 -4.065000057220459 0.40673667467547026 -0.23644288973614236 0.882417156092946 -7.065000057220459 1.4979677553927928e-08 -0.9659258449850746 -0.25881897532806386 2.200000047683716 0.0 0.0 0.0 1.0
0.8987940302829204 0.1134588028631292 -0.4234340458449822 -4.510000228881836 0.43837117962724786 -0.23262501611746855 0.8681683654387338 -7.110000133514404 -8.313055410713588e-09 -0.9659258263082178 -0.25881904503105413 2.200000047683716 0.0 0.0 0.0 1.0
0.882947604382874 0.12150820315988148 -0.4534746789837343 -4.954999923706055 0.46947154111249784 -0.22852373158088923 0.8528618740392856 -7.15500020980835 -1.1960726048476644e-08 -0.9659258049504645 -0.25881912473926105 2.200000047683716 0.0 0.0 0.0 1.0
0.8660254201075441 0.12940951180160284 -0.48296288675510324 -5.400000095367432 0.49999997172755006 -0.22414380719160376 0.8365163369415465 -7.199999809265137 3.060813447142152e-08 -0.9659258418496341 -0.25881898702969064 2.200000047683716 0.0 0.0 0.0 1.0
0.8386705605348406 0.14096294061199596 -0.5260809255867347 -5.230000019073486 0.5446390464263248 -0.2170638660125066 0.8100935669288634 -6.989999771118164 1.1821859102756349e-08 -0.9659258395165355 -0.25881899573693645 2.200000047683716 0.0 0.0 0.0 1.0
0.8090170018463527 0.1521300260868937 -0.5677569426139495 -5.059999942779541 0.5877852420089655 -0.20938905701189037 0.7814504028280576 -6.78000020980835 -2.0658042831911416e-08 -0.9659258139041904 -0.2588190913235098 2.200000047683716 0.0 0.0 0.0 1.0
0.7771459757148054 0.16288008881419222 -0.6078768042113172 -4.889999866485596 0.6293203734428771 -0.20114021384782999 0.7506653594931415 -6.570000171661377 -2.996821935052907e-08 -0.9659258206721314 -0.258819066065213 2.200000047683716 0.0 0.0 0.0 1.0
0.743144840162864 0.1731837551252471 -0.6463305141334654 -4.71999979019165 0.66913059004899 -0.19234011548027397 0.7178227730002199 -6.360000133514404 -4.238425971303528e-08 -0.9659258081953049 -0.2588191126293513 2.200000047683716 0.0 0.0 0.0 1.0
0.7071067763115365 0.18301268594762887 -0.6830127112115421 -4.550000190734863 0.7071067860615582 -0.1830127132310675 0.6830126938070016 -6.150000095367432 -2.1820187046106554e-08 -0.9659258271617122 -0.258819041845769 2.200000047683716 0.0 0.0 0.0 1.0
0.669130621428767 0.19234002719979976 -0.7178227674037183 -4.380000114440918 0.7431448119083872 -0.1731837495455122 0.6463305481152855 -5.940000057220459 -3.163556361318598e-09 -0.9659258267745707 -0.2588190432906019 2.200000047683716 0.0 0.0 0.0 1.0
0.6293204002160665 0.2011401529715634 -0.750665353359582 -4.210000038146973 0.7771459540343045 -0.1628801182372237 0.6078768240450846 -5.730000019073486 -2.413549959889849e-08 -0.9659258283872546 -0.2588190372719814 2.200000047683716 0.0 0.0 0.0 1.0
0.5877852357218822 0.20938906476939267 -0.7814504054784093 -4.039999961853027 0.8090170064141861 -0.15213005338174046 0.567756928791448 -5.519999980926514 4.353708504822862e-10 -0.9659258079237077 -0.25881911364296895 2.200000047683716 0.0 0.0 0.0 1.0
0.5446389655978163 0.2170639600283184 -0.8100935960797155 -3.869999885559082 0.8386706130254815 -0.14096288792521605 0.5260808560242867 -5.309999942779541 6.111059924762685e-08 -0.965925826078073 -0.25881904588995885 2.200000047683716 0.0 0.0 0.0 1.0
0.5000000193252152 0.22414388157389514 -0.8365162885609413 -3.700000047683716 0.8660253926270192 -0.1294095820265655 0.4829629172151075 -5.099999904632568 -4.03402393711616e-08 -0.9659258151808021 -0.25881908655912733 2.200000047683716 0.0 0.0 0.0 1.0
0.45399049965822535 0.23060950924314383 -0.8606461993564554 -3.5299999713897705 0.8910065242298028 -0.11750144850974986 0.43852113219095507 -4.889999866485596 -3.1991490345717466e-08 -0.9659258065942475 -0.25881911860458096 2.200000047683716 0.0 0.0 0.0 1.0
0.4067366856322736 0.23644300488746917 -0.8824171201878719 -3.359999895095825 0.9135454386952361 -0.10527126278194676 0.39287745248540634 -4.679999828338623 -3.912440277309415e-08 -0.9659258080577815 -0.25881911314259587 2.200000047683716 0.0 0.0 0.0 1.0
0.3583679239446981 0.2416283820912561 -0.9017694583736627 -3.190000057220459 0.9335804363243516 -0.09275245619026218 0.34615682975077466 -4.46999979019165 -1.7459001466768598e-08 -0.9659258288495218 -0.2588190355467779 2.200000047683716 0.0 0.0 0.0 1.0
0.30901698466598404 0.24615156812879774 -0.9186500469143173 -3.0199999809265137 0.9510565194497871 -0.07997948203206606 0.2984874859452901 -4.260000228881836 7.811315649863815e-09 -0.9659258190780577 -0.2588190720143779 2.200000047683716 0.0 0.0 0.0 1.0
0.25881907493243794 0.2500000178512967 -0.9330126888341168 -2.8499999046325684 0.965925818296165 -0.06698734673978013 0.2500000178512967 -4.050000190734863 -3.557389677277811e-08 -0.965925818296165 -0.25881907493243794 2.200000047683716 0.0 0.0 0.0 1.0
0.2079116953288105 0.2531631916498154 -0.9448180382164488 -2.680000066757202 0.978147599774952 -0.05381152081543794 0.20082727225660968 -3.8399999141693115 -2.231547574504944e-08 -0.9659258349486305 -0.2588190127845924 2.200000047683716 0.0 0.0 0.0 1.0
0.1564344176773942 0.2556325589855376 -0.9540336827137919 -2.509999990463257 0.9876883480966719 -0.04048816462040805 0.15110405540467153 -3.630000114440918 4.3557058460041986e-08 -0.9659258270240921 -0.2588190423593706 2.200000047683716 0.0 0.0 0.0 1.0
0.10452842385440908 0.2574012068206392 -0.9606343879613053 -2.3399999141693115 0.9945218995107712 -0.027053923969264426 0.10096671031262139 -3.4200000762939453 2.3389012671071185e-08 -0.9659258273413874 -0.25881904117521115 2.200000047683716 0.0 0.0 0.0 1.0
0.052335917887328165 0.2584644025038644 -0.9646020445433501 -2.1700000762939453 0.9986295367647052 -0.013545566288008404 0.05055260562075253 -3.2100000381469727 -3.192912906291312e-08 -0.9659258099213714 -0.2588191061875871 2.200000047683716 0.0 0.0 0.0 1.0
2.220446049250313e-16 0.2588189756341456 -0.9659258449030605 -2.0 0.9999999999999999 0.0 1.1102230246251565e-16 -3.0 -1.1102230246251565e-16 -0.9659258449030605 -0.25881897563414547 2.200000047683716 0.0 0.0 0.0 1.0
-0.05233594283004894 0.2584643707240753 -0.9646020517054158 -2.1500000953674316 0.9986295354575139 0.013545539611272805 -0.05055263859136905 -2.799999952316284 -6.214689873829116e-10 -0.9659258187991702 -0.2588190730551998 2.200000047683716 0.0 0.0 0.0 1.0
-0.10452842385440908 0.2574012068206392 -0.9606343879613053 -2.299999952316284 0.9945218995107712 0.027053923969264315 -0.10096671031262139 -2.5999999046325684 -2.3389012671071185e-08 -0.9659258273413874 -0.25881904117521115 2.200000047683716 0.0 0.0 0.0 1.0
-0.15643441767739397 0.2556325589855376 -0.9540336827137919 -2.450000047683716 0.9876883480966719 0.04048816462040816 -0.15110405540467153 -2.4000000953674316 -4.3557058460041986e-08 -0.9659258270240921 -0.2588190423593706 2.200000047683716 0.0 0.0 0.0 1.0
-0.2079116953288107 0.2531631916498154 -0.9448180382164486 -2.5999999046325684 0.9781475997749518 0.05381152081543783 -0.20082727225660968 -2.200000047683716 2.2315475856071743e-08 -0.9659258349486303 -0.2588190127845922 2.200000047683716 0.0 0.0 0.0 1.0
-0.25881907493243794 0.2500000178512967 -0.9330126888341168 -2.75 0.965925818296165 0.06698734673978002 -0.2500000178512967 -2.0 3.557389677277811e-08 -0.965925818296165 -0.25881907493243794 2.200000047683716 0.0 0.0 0.0 1.0
-0.3090169846659847 0.24615156812879774 -0.9186500469143173 -2.9000000953674316 0.9510565194497871 0.0799794820320654 -0.2984874859452901 -1.7999999523162842 -7.811315649863815e-09 -0.9659258190780577 -0.2588190720143779 2.200000047683716 0.0 0.0 0.0 1.0
-0.3583679239446984 0.2416283820912561 -0.9017694583736627 -3.049999952316284 0.9335804363243516 0.09275245619026196 -0.34615682975077466 -1.600000023841858 1.7459001466768598e-08 -0.9659258288495218 -0.2588190355467779 2.200000047683716 0.0 0.0 0.0 1.0
-0.40673665770941136 0.23644294943789335 -0.8824171479161583 -3.200000047683716 0.9135454511272975 0.10527118472853092 -0.3928774444918851 -1.399999976158142 -3.157378247742315e-09 -0.965925830137574 -0.2588190307397018 2.200000047683716 0.0 0.0 0.0 1.0
-0.45399049965822535 0.23060950924314366 -0.8606461993564551 -3.3499999046325684 0.8910065242298024 0.11750144850974942 -0.4385211321909548 -1.2000000476837158 3.199149017918401e-08 -0.9659258065942471 -0.2588191186045803 2.200000047683716 0.0 0.0 0.0 1.0
-0.5000000193252152 0.22414388157389514 -0.8365162885609413 -3.5 0.8660253926270192 0.1294095820265656 -0.4829629172151075 -1.0 4.03402393711616e-08 -0.9659258151808021 -0.25881908655912733 2.200000047683716 0.0 0.0 0.0 1.0
-0.5446390004505381 0.21706392336897457 -0.8100935824705111 -3.6500000953674316 0.8386705903918641 0.14096291366952418 -0.5260808852083112 -0.800000011920929 -2.922271291616596e-08 -0.9659258305591927 -0.25881902916619737 2.200000047683716 0.0 0.0 0.0 1.0
-0.5877852357218822 0.20938906476939284 -0.7814504054784095 -3.799999952316284 0.8090170064141864 0.15213005338174046 -0.5677569287914481 -0.6000000238418579 -4.3537079497113496e-10 -0.9659258079237081 -0.25881911364296917 2.200000047683716 0.0 0.0 0.0 1.0
-0.6293204002160666 0.2011401529715634 -0.750665353359582 -3.950000047683716 0.7771459540343045 0.1628801182372237 -0.6078768240450846 -0.4000000059604645 2.413549959889849e-08 -0.9659258283872546 -0.2588190372719814 2.200000047683716 0.0 0.0 0.0 1.0
-0.6691306214287673 0.19234002719979976 -0.7178227674037183 -4.099999904632568 0.7431448119083872 0.17318374954551186 -0.6463305481152855 -0.20000000298023224 3.163556361318598e-09 -0.9659258267745707 -0.2588190432906019 2.200000047683716 0.0 0.0 0.0 1.0
-0.707106776311536 0.18301268594762876 -0.6830127112115418 -4.25 0.7071067860615581 0.1830127132310675 -0.6830126938070014 0.0 2.182018693508425e-08 -0.9659258271617119 -0.2588190418457683 2.200000047683716 0.0 0.0 0.0 1.0
-0.7431448401628646 0.17318375512524714 -0.6463305141334657 -4.400000095367432 0.6691305900489901 0.19234011548027374 -0.7178227730002201 0.20000000298023224 4.2384259657524126e-08 -0.9659258081953054 -0.25881911262935176 2.200000047683716 0.0 0.0 0.0 1.0
-0.7771459757148054 0.1628800888141922 -0.607876804211317 -4.550000190734863 0.629320373442877 0.20114021384782999 -0.7506653594931414 0.4000000059604645 2.996821940604022e-08 -0.9659258206721311 -0.25881906606521277 2.200000047683716 0.0 0.0 0.0 1.0
-0.8090170252055908 0.15213002281928079 -0.5677569102040956 -4.699999809265137 0.5877852098577303 0.20938906141564706 -0.7814504258313372 0.6000000238418579 1.5426025345988137e-08 -0.9659258134642016 -0.2588190929655698 2.200000047683716 0.0 0.0 0.0 1.0
-0.838670560534841 0.14096294061199596 -0.5260809255867347 -4.849999904632568 0.5446390464263248 0.21706386601250605 -0.8100935669288634 0.800000011920929 -1.1821859102756349e-08 -0.9659258395165355 -0.25881899573693645 2.200000047683716 0.0 0.0 0.0 1.0
-0.8660254201075439 0.1294095118016028 -0.4829628867551031 -5.0 0.49999997172755006 0.22414380719160332 -0.8365163369415463 1.0 -3.060813455468825e-08 -0.9659258418496339 -0.25881898702969 2.200000047683716 0.0 0.0 0.0 1.0
-0.838670560534841 0.14096294061199596 -0.5260809255867347 -4.900000095367432 0.5446390464263248 0.21706386601250605 -0.8100935669288634 1.2000000476837158 -1.1821859102756349e-08 -0.9659258395165355 -0.25881899573693645 2.200000047683716 0.0 0.0 0.0 1.0
-0.8090170252055908 0.15213002281928079 -0.5677569102040956 -4.800000190734863 0.5877852098577303 0.20938906141564706 -0.7814504258313372 1.399999976158142 1.5426025345988137e-08 -0.9659258134642016 -0.2588190929655698 2.200000047683716 0.0 0.0 0.0 1.0
-0.7771459757148054 0.1628800888141922 -0.607876804211317 -4.699999809265137 0.629320373442877 0.20114021384782999 -0.7506653594931414 1.600000023841858 2.996821940604022e-08 -0.9659258206721311 -0.25881906606521277 2.200000047683716 0.0 0.0 0.0 1.0
-0.7431448401628646 0.17318375512524714 -0.6463305141334657 -4.599999904632568 0.6691305900489901 0.19234011548027374 -0.7178227730002201 1.7999999523162842 4.2384259657524126e-08 -0.9659258081953054 -0.25881911262935176 2.200000047683716 0.0 0.0 0.0 1.0
-0.707106776311536 0.18301268594762876 -0.6830127112115418 -4.5 0.7071067860615581 0.1830127132310675 -0.6830126938070014 2.0 2.182018693508425e-08 -0.9659258271617119 -0.2588190418457683 2.200000047683716 0.0 0.0 0.0 1.0
-0.6691306214287673 0.19234002719979976 -0.7178227674037183 -4.400000095367432 0.7431448119083872 0.17318374954551186 -0.6463305481152855 2.200000047683716 3.163556361318598e-09 -0.9659258267745707 -0.2588190432906019 2.200000047683716 0.0 0.0 0.0 1.0
-0.6293204002160666 0.2011401529715634 -0.750665353359582 -4.300000190734863 0.7771459540343045 0.1628801182372237 -0.6078768240450846 2.4000000953674316 2.413549959889849e-08 -0.9659258283872546 -0.2588190372719814 2.200000047683716 0.0 0.0 0.0 1.0
-0.5877852357218822 0.20938906476939284 -0.7814504054784095 -4.199999809265137 0.8090170064141864 0.15213005338174046 -0.5677569287914481 2.5999999046325684 -4.3537079497113496e-10 -0.9659258079237081 -0.25881911364296917 2.200000047683716 0.0 0.0 0.0 1.0
-0.5446390004505381 0.21706392336897457 -0.8100935824705111 -4.099999904632568 0.8386705903918641 0.14096291366952418 -0.5260808852083112 2.799999952316284 -2.922271291616596e-08 -0.9659258305591927 -0.25881902916619737 2.200000047683716 0.0 0.0 0.0 1.0
-0.5000000193252152 0.22414388157389514 -0.8365162885609413 -4.0 0.8660253926270192 0.1294095820265656 -0.4829629172151075 3.0 4.03402393711616e-08 -0.9659258151808021 -0.25881908655912733 2.200000047683716 0.0 0.0 0.0 1.0
-0.45399049965822535 0.23060950924314366 -0.8606461993564551 -3.9000000953674316 0.8910065242298024 0.11750144850974942 -0.4385211321909548 3.200000047683716 3.199149017918401e-08 -0.9659258065942471 -0.2588191186045803 2.200000047683716 0.0 0.0 0.0 1.0
-0.40673665770941136 0.23644294943789335 -0.8824171479161583 -3.799999952316284 0.9135454511272975 0.10527118472853092 -0.3928774444918851 3.4000000953674316 -3.157378247742315e-09 -0.965925830137574 -0.2588190307397018 2.200000047683716 0.0 0.0 0.0 1.0
-0.3583679239446984 0.2416283820912561 -0.9017694583736627 -3.700000047683716 0.9335804363243516 0.09275245619026196 -0.34615682975077466 3.5999999046325684 1.7459001466768598e-08 -0.9659258288495218 -0.2588190355467779 2.200000047683716 0.0 0.0 0.0 1.0
-0.3090169846659847 0.24615156812879774 -0.9186500469143173 -3.5999999046325684 0.9510565194497871 0.0799794820320654 -0.2984874859452901 3.799999952316284 -7.811315649863815e-09 -0.9659258190780577 -0.2588190720143779 2.200000047683716 0.0 0.0 0.0 1.0
-0.25881907493243794 0.2500000178512967 -0.9330126888341168 -3.5 0.965925818296165 0.06698734673978002 -0.2500000178512967 4.0 3.557389677277811e-08 -0.965925818296165 -0.25881907493243794 2.200000047683716 0.0 0.0 0.0 1.0
-0.2079116953288107 0.2531631916498154 -0.9448180382164486 -3.4000000953674316 0.9781475997749518 0.05381152081543783 -0.20082727225660968 4.199999809265137 2.2315475856071743e-08 -0.9659258349486303 -0.2588190127845922 2.200000047683716 0.0 0.0 0.0 1.0
-0.15643441767739397 0.2556325589855376 -0.9540336827137919 -3.299999952316284 0.9876883480966719 0.04048816462040816 -0.15110405540467153 4.400000095367432 -4.3557058460041986e-08 -0.9659258270240921 -0.2588190423593706 2.200000047683716 0.0 0.0 0.0 1.0
-0.10452842385440908 0.2574012068206392 -0.9606343879613053 -3.200000047683716 0.9945218995107712 0.027053923969264315 -0.10096671031262139 4.599999904632568 -2.3389012671071185e-08 -0.9659258273413874 -0.25881904117521115 2.200000047683716 0.0 0.0 0.0 1.0
-0.05233594283004894 0.2584643707240753 -0.9646020517054158 -3.0999999046325684 0.9986295354575139 0.013545539611272805 -0.05055263859136905 4.800000190734863 -6.214689873829116e-10 -0.9659258187991702 -0.2588190730551998 2.200000047683716 0.0 0.0 0.0 1.0
2.220446049250313e-16 0.2588189756341456 -0.9659258449030605 -3.0 0.9999999999999999 0.0 1.1102230246251565e-16 5.0 -1.1102230246251565e-16 -0.9659258449030605 -0.25881897563414547 2.200000047683716 0.0 0.0 0.0 1.0
0.07845910481567453 0.2580212735271449 -0.9629481768397268 -3.2249999046325684 0.9969173330178999 -0.020306684697430244 0.07578568258633889 5.25 3.332900172514641e-08 -0.9659258051030782 -0.258819124169698 2.200000047683716 0.0 0.0 0.0 1.0
0.1564344176773942 0.2556325589855376 -0.9540336827137919 -3.450000047683716 0.9876883480966719 -0.04048816462040805 0.15110405540467153 5.5 4.3557058460041986e-08 -0.9659258270240921 -0.2588190423593706 2.200000047683716 0.0 0.0 0.0 1.0
0.23344536905612856 0.2516678528106623 -0.9392372179209674 -3.674999952316284 0.9723699191492127 -0.06042014587983169 0.2254909007157792 5.75 -3.891106975517644e-08 -0.9659258241881363 -0.2588190529433021 2.200000047683716 0.0 0.0 0.0 1.0
0.30901698466598404 0.24615156812879774 -0.9186500469143173 -3.9000000953674316 0.9510565194497871 -0.07997948203206606 0.2984874859452901 6.0 7.811315649863815e-09 -0.9659258190780577 -0.2588190720143779 2.200000047683716 0.0 0.0 0.0 1.0
0.3826834422468641 0.23911762672988507 -0.8923990943614624 -4.125 0.9238795284181214 -0.0990457414552739 0.3696438259588339 6.25 2.442358498777608e-08 -0.9659258261826538 -0.2588190454996637 2.200000047683716 0.0 0.0 0.0 1.0
0.45399049965822535 0.23060950924314383 -0.8606461993564554 -4.349999904632568 0.8910065242298028 -0.11750144850974986 0.43852113219095507 6.5 -3.1991490345717466e-08 -0.9659258065942475 -0.25881911860458096 2.200000047683716 0.0 0.0 0.0 1.0
0.5224985741734087 0.22067950495971994 -0.8235871514766898 -4.574999809265137 0.852640158558553 -0.13523254841793309 0.504694876000973 6.75 2.605314308734563e-08 -0.9659258325250054 -0.2588190218296851 2.200000047683716 0.0 0.0 0.0 1.0
0.5877852357218822 0.20938906476939267 -0.7814504054784093 -4.800000190734863 0.8090170064141861 -0.15213005338174046 0.567756928791448 7.0 4.353708504822862e-10 -0.9659258079237077 -0.25881911364296895 2.200000047683716 0.0 0.0 0.0 1.0
0.6494480460987052 0.19680749891167992 -0.7344957752027599 -5.025000095367432 0.7604059675058934 -0.16808950288799984 0.6273186459848707 7.25 -1.599022392273497e-08 -0.9659258394882055 -0.2588189958426652 2.200000047683716 0.0 0.0 0.0 1.0
0.7071067763115365 0.18301268594762887 -0.6830127112115421 -5.25 0.7071067860615582 -0.1830127132310675 0.6830126938070016 7.5 -2.1820187046106554e-08 -0.9659258271617122 -0.258819041845769 2.200000047683716 0.0 0.0 0.0 1.0
0.7604059695339446 0.16808951643844863 -0.6273186398957313 -5.474999904632568 0.6494480437241622 -0.19680757279128702 0.7344957575063733 7.75 -2.217927197456504e-08 -0.9659258220771878 -0.25881906082147177 2.200000047683716 0.0 0.0 0.0 1.0
0.8090170018463527 0.1521300260868937 -0.5677569426139495 -5.699999809265137 0.5877852420089655 -0.20938905701189037 0.7814504028280576 8.0 -2.0658042831911416e-08 -0.9659258139041904 -0.2588190913235098 2.200000047683716 0.0 0.0 0.0 1.0
0.8526401664961784 0.13523258154419934 -0.5046948537148568 -5.925000190734863 0.5224985612203816 -0.22067955080285961 0.8235871474106911 8.25 -1.753933875914271e-08 -0.965925817413708 -0.2588190782258142 2.200000047683716 0.0 0.0 0.0 1.0
0.8910064969612802 0.11750140624322158 -0.43852119892161845 -6.150000095367432 0.45399055317571113 -0.23060947211660343 0.8606461810740307 8.5 -5.641197647898721e-09 -0.9659258205995773 -0.25881906633598906 2.200000047683716 0.0 0.0 0.0 1.0
0.9238795300893718 0.09904575751586331 -0.36964381747832625 -6.375 0.3826834382121092 -0.23911757543930112 0.8923991098349376 8.75 1.2428538587183624e-08 -0.9659258372329312 -0.2588190042594649 2.200000047683716 0.0 0.0 0.0 1.0
0.951056494557605 0.07997949106276873 -0.29848756283828753 -6.599999904632568 0.3090170612762344 -0.24615154214954105 0.9186500281051554 9.0 -1.2192454046378032e-08 -0.9659258249507273 -0.2588190500972767 2.200000047683716 0.0 0.0 0.0 1.0
0.9723699127012962 0.06042011675730413 -0.22549093632407308 -6.824999809265137 0.23344539591363317 -0.25166795570179623 0.9392371836759902 9.25 -2.2673458541233593e-08 -0.9659257992019431 -0.25881914619302604 2.200000047683716 0.0 0.0 0.0 1.0
0.9876883404913284 0.04048821688998791 -0.15110409111124362 -7.050000190734863 0.15643446569565703 -0.25563250945449756 0.9540336881119612 9.5 4.8850239270370466e-09 -0.9659258379415397 -0.2588190016149017 2.200000047683716 0.0 0.0 0.0 1.0
0.9969173373691436 0.020306708186236658 -0.075785619054384 -7.275000095367432 0.07845904952787262 -0.2580213000564475 0.9629481742359575 9.75 3.61868413012445e-09 -0.9659257975226773 -0.25881915246013065 2.200000047683716 0.0 0.0 0.0 1.0
1.0 0.0 0.0 -7.5 0.0 -0.2588190190685902 0.9659258332648386 10.0 0.0 -0.9659258332648386 -0.2588190190685902 2.200000047683716 0.0 0.0 0.0 1.0
0.998134799312196 0.015800518873880617 -0.05896834748675331 -7.199999809265137 0.0610485249781052 -0.25833621793432293 0.9641242015950992 10.100000381469727 2.7765036589300074e-09 -0.9659258471056181 -0.25881896741408617 2.200000047683716 0.0 0.0 0.0 1.0
0.9925461551808359 0.03154209842474322 -0.11771671870513492 -6.900000095367432 0.12186931457811702 -0.2568898532308759 0.9587259636993664 10.199999809265137 -1.8816201999283244e-09 -0.9659258249648275 -0.2588190500446539 2.200000047683716 0.0 0.0 0.0 1.0
0.9832549063274341 0.047166024698896 -0.1760260074452975 -6.599999904632568 0.18223553216381458 -0.2544851399554904 0.9497512960553439 10.300000190734863 -1.0052967916451827e-08 -0.9659258147787216 -0.25881908805971476 2.200000047683716 0.0 0.0 0.0 1.0
0.9702957371843415 0.06261398813642316 -0.23367856318359043 -6.300000190734863 0.2419218518486813 -0.2511310771510302 0.9372336953434119 10.399999618530273 -9.798111724745873e-09 -0.9659258100799537 -0.2588191055957516 2.200000047683716 0.0 0.0 0.0 1.0
0.9537169459937509 0.0778284048593197 -0.2904595089188967 -6.0 0.3007058145835441 -0.24684013719330755 0.9212198216202452 10.5 4.210849557928498e-09 -0.9659258180975612 -0.25881907567363927 2.200000047683716 0.0 0.0 0.0 1.0
0.9335804432079243 0.09275244118991827 -0.34615681520519914 -5.699999809265137 0.35836790601237667 -0.24162840856480772 0.9017694584064948 10.600000381469727 -1.714181657730407e-09 -0.9659258236675057 -0.2588190548863256 2.200000047683716 0.0 0.0 0.0 1.0
0.9099612704129261 0.10733050730864876 -0.40056291459564963 -5.400000095367432 0.4146932436735504 -0.2355151764725789 0.8789551270130913 10.699999809265137 5.416448795036999e-08 -0.9659258583617887 -0.2588189254054636 2.200000047683716 0.0 0.0 0.0 1.0
0.882947604382874 0.12150820315988148 -0.4534746789837343 -5.099999904632568 0.46947154111249784 -0.22852373158088923 0.8528618740392856 10.800000190734863 -1.1960726048476644e-08 -0.9659258049504645 -0.25881912473926105 2.200000047683716 0.0 0.0 0.0 1.0
0.8526401664961784 0.13523258154419934 -0.5046948537148568 -4.800000190734863 0.5224985612203816 -0.22067955080285961 0.8235871474106911 10.899999618530273 -1.753933875914271e-08 -0.965925817413708 -0.2588190782258142 2.200000047683716 0.0 0.0 0.0 1.0
0.8191520568945343 0.1484525473165735 -0.554032263393274 -4.5 0.5735764183484646 -0.21201217345118284 0.7912401219750249 11.0 2.7322182516442695e-08 -0.9659258146999312 -0.2588190883537633 2.200000047683716 0.0 0.0 0.0 1.0
0.7826081885153238 0.16111864304169984 -0.601302923769014 -4.199999809265137 0.6225145968318839 -0.20255394049876307 0.7559414513834126 11.100000381469727 -1.5776972561720726e-08 -0.965925817054718 -0.2588190795655816 2.200000047683716 0.0 0.0 0.0 1.0
0.743144840162864 0.1731837551252471 -0.6463305141334654 -3.9000000953674316 0.66913059004899 -0.19234011548027397 0.7178227730002199 11.199999809265137 -4.238425971303528e-08 -0.9659258081953049 -0.2588191126293513 2.200000047683716 0.0 0.0 0.0 1.0
0.7009092386419933 0.18460278036409278 -0.688947060860374 -3.5999999046325684 0.7132504743680848 -0.1814087140592826 0.6770263209632692 11.300000190734863 -5.9136110674984366e-08 -0.9659258211401143 -0.2588190643186714 2.200000047683716 0.0 0.0 0.0 1.0
0.656058978695963 0.1953331891295969 -0.7289935265123217 -3.299999952316284 0.7547096239431488 -0.16980048672397663 0.6337043302959919 11.399999618530273 3.218153110662314e-08 -0.965925845980302 -0.2588189716138236 2.200000047683716 0.0 0.0 0.0 1.0
0.6087614347199835 0.20533494247522283 -0.7663204793011631 -3.0 0.7933533359088283 -0.15755909143542368 0.5880183816075635 11.5 -3.790528696479001e-08 -0.965925822257973 -0.25881906014677103 2.200000047683716 0.0 0.0 0.0 1.0
0.559192856332717 0.21457070794994848 -0.8007888365332745 -2.700000047683716 0.8290376043500424 -0.1447297476581939 0.540138825410966 11.600000381469727 3.920725022421578e-09 -0.9659258312275603 -0.25881902667181667 2.200000047683716 0.0 0.0 0.0 1.0
0.5075383724068314 0.22300600047046587 -0.832269862658015 -2.4000000953674316 0.8616291548773312 -0.1313606000012797 0.4902444209092846 11.699999809265137 -2.096180029553807e-08 -0.9659258338617258 -0.25881901684097564 2.200000047683716 0.0 0.0 0.0 1.0
0.45399049965822535 0.23060950924314383 -0.8606461993564554 -2.0999999046325684 0.8910065242298028 -0.11750144850974986 0.43852113219095507 11.800000190734863 -3.1991490345717466e-08 -0.9659258065942475 -0.25881911860458096 2.200000047683716 0.0 0.0 0.0 1.0
0.3987490532203275 0.23735256227266682 -0.8858120307031804 -1.7999999523162842 0.9170600812138168 -0.10320382074583101 0.38516201633542463 11.899999618530273 5.436128214242331e-09 -0.9659258421670176 -0.2588189858451999 2.200000047683716 0.0 0.0 0.0 1.0
0.34202010972682695 0.2432103595732376 -0.907673380428613 -1.5 0.939692633014886 -0.08852132268246193 0.33036605589572654 12.0 -9.540103707017522e-10 -0.9659258234599611 -0.25881905566089225 2.200000047683716 0.0 0.0 0.0 1.0
