0.6202355030798743 0.20302172311205563 -0.7576873370090509 3.0 0.7844156555801616 -0.16052874311390108 0.5991014955039057 -1.3333333730697632 2.2052830561669623e-08 -0.9659258266445115 -0.2588190437759874 1.0 0.0 0.0 0.0 1.0
0.36920612972847766 0.24053282756127814 -0.8976807854890818 3.0 0.9293475312125783 -0.09555750478213088 0.3566257555321806 -0.6666666865348816 6.540713259894915e-08 -0.965925836772777 -0.25881900597677543 1.0 0.0 0.0 0.0 1.0
0.08715569099823983 0.2578341478672449 -0.9622501949702016 3.0 0.9961947026192309 -0.022557515737098077 0.08418594275265084 0.0 3.689596439482301e-08 -0.9659258308365826 -0.25881902813096325 1.0 0.0 0.0 0.0 1.0
-0.20221759107812365 0.25347195881005635 -0.9459704075474844 3.0 0.9793406178947958 0.05233773214493476 -0.1953272022411749 0.6666666865348816 -2.2753703643463297e-08 -0.965925839746985 -0.25881899487688553 1.0 0.0 0.0 0.0 1.0
-0.47460038854326503 0.2278128861433914 -0.8502092448930436 3.0 0.8802013810455998 0.12283562912066626 -0.4584287698475616 1.3333333730697632 6.330505897267358e-09 -0.9659258238216577 -0.25881905431102137 1.0 0.0 0.0 0.0 1.0
-0.707106776311536 0.18301268594762876 -0.6830127112115418 3.0 0.7071067860615581 0.1830127132310675 -0.6830126938070014 2.0 2.182018693508425e-08 -0.9659258271617119 -0.2588190418457683 1.0 0.0 0.0 0.0 1.0
-0.8660254201075439 0.1294095118016028 -0.4829628867551031 2.1666667461395264 0.49999997172755006 0.22414380719160332 -0.8365163369415463 2.0 -3.060813455468825e-08 -0.9659258418496339 -0.25881898702969 1.0 0.0 0.0 0.0 1.0
-0.9659258425766497 0.0669872876516261 -0.24999993987132613 1.3333333730697632 0.25881898431642913 0.24999995040803857 -0.9330127320424894 2.0 -1.9694115685475744e-08 -0.9659258398495488 -0.2588189944941115 1.0 0.0 0.0 0.0 1.0
-1.0 9.715776769505585e-17 -7.455177932443117e-17 0.5 9.715776769505585e-17 0.25881901906859006 -0.9659258332648386 2.0 -7.455177932443117e-17 -0.9659258332648386 -0.2588190190685902 1.0 0.0 0.0 0.0 1.0
-0.9659258425766497 -0.0669872876516261 0.24999993987132613 -0.3333333432674408 -0.25881898431642913 0.24999995040803857 -0.9330127320424894 2.0 1.9694115685475744e-08 -0.9659258398495488 -0.2588189944941115 1.0 0.0 0.0 0.0 1.0
-0.8660254201075439 -0.1294095118016028 0.4829628867551031 -1.1666666269302368 -0.49999997172755006 0.22414380719160332 -0.8365163369415463 2.0 3.060813455468825e-08 -0.9659258418496339 -0.25881898702969 1.0 0.0 0.0 0.0 1.0
-0.707106776311536 -0.18301268594762876 0.6830127112115418 -2.0 -0.7071067860615581 0.1830127132310675 -0.6830126938070014 2.0 -2.182018693508425e-08 -0.9659258271617119 -0.2588190418457683 1.0 0.0 0.0 0.0 1.0
-0.5616020454252297 -0.21414882001279506 0.7992142550413659 -2.0 -0.8274074827883768 0.14535330868429397 -0.5424659188191736 1.3333333730697632 9.436712522514767e-11 -0.9659258245546889 -0.25881905157531215 1.0 0.0 0.0 0.0 1.0
-0.39607976265873046 -0.2376518127245541 0.8869286541323023 -2.0 -0.9182161083384472 0.10251296750949046 -0.3825836769651768 0.6666666865348816 1.60452988118287e-08 -0.965925829140691 -0.25881903446011845 1.0 0.0 0.0 0.0 1.0
-0.21643958020650067 -0.2526839742791359 0.9430295420942731 -2.0 -0.976296014598048 0.05601864257880007 -0.2090645918456694 0.0 3.708878071329025e-08 -0.9659258360899813 -0.2588190085250095 1.0 0.0 0.0 0.0 1.0
-0.029084736668096633 -0.25870958019034235 0.9655171832809007 -2.0 -0.9995769495606368 0.007527689022673423 -0.028093696891481834 -0.6666666865348816 -4.5729963149554465e-09 -0.965925818588423 -0.2588190738417193 1.0 0.0 0.0 0.0 1.0
0.15930682522913697 -0.2555136958938276 0.9535901041045307 -2.0 -0.9872291200301038 -0.041231623063854084 0.15387858143389327 -1.3333333730697632 -1.7331214019478125e-08 -0.9659258276235276 -0.2588190401222499 1.0 0.0 0.0 0.0 1.0
0.34202010972682695 -0.2432103595732376 0.907673380428613 -2.0 -0.939692633014886 -0.08852132268246193 0.33036605589572654 -2.0 9.540103707017522e-10 -0.9659258234599611 -0.25881905566089225 1.0 0.0 0.0 0.0 1.0
