0.7844156482175957 -0.26212282841829637 0.5621242866603091 0.6000000238418579 -0.6202355123913568 -0.3315083299487509 0.710922032534666 1.5 -1.0458478694186368e-08 -0.9063078119472335 -0.4226182083197756 2.0 0.0 0.0 0.0 1.0
0.6202355028233844 -0.33150837454029125 0.7109220200887559 0.6000000238418579 -0.7844156557829677 -0.26212286240598237 0.562124260254502 1.5 1.5046474399760257e-08 -0.9063077858066477 -0.4226182643784475 2.0 0.0 0.0 0.0 1.0
0.42261825717221446 -0.3830222298730809 0.8213938033171255 0.6000000238418579 -0.906307789166969 -0.1786061665182188 0.3830222298730809 1.5 -3.016465571770155e-08 -0.906307789166969 -0.4226182571722146 2.0 0.0 0.0 0.0 1.0
0.7273736497194183 -0.290018248575029 0.6219461304544998 1.9833333492279053 -0.6862416292340862 -0.30740139544107925 0.6592243991138556 1.5 2.741966487196379e-09 -0.906307783026467 -0.4226182703405641 2.0 0.0 0.0 0.0 1.0
0.929347520189064 -0.15603325603899804 0.33461441948652754 3.366666555404663 -0.36920615747633084 -0.3927591853783201 0.8422749168665304 1.5 -1.0945292949759988e-08 -0.9063078093621539 -0.42261821386349774 2.0 0.0 0.0 0.0 1.0
1.0 0.0 0.0 4.75 0.0 -0.42261834654029173 0.906307747493946 1.5 0.0 -0.906307747493946 -0.42261834654029173 2.0 0.0 0.0 0.0 1.0
0.9961946947508317 0.037978540776726834 -0.07844590869362002 5.541666507720947 0.08715578093446785 -0.4340967012820758 0.896640353645609 1.5 -1.7959986844950926e-08 -0.9000653778345716 -0.4357548802061877 2.0 0.0 0.0 0.0 1.0
0.9848077509811514 0.07793317951124623 -0.15517768247629662 6.333333492279053 0.17364818918562336 -0.44198088867733754 0.8800563620794667 1.5 2.044219013508375e-08 -0.893632650240164 -0.44879916045458534 2.0 0.0 0.0 0.0 1.0
0.9659258124311768 0.11950934729364417 -0.22957534882608405 7.125 0.2588190968208703 -0.44601486049600503 0.8567866825164585 1.5 1.744114574986355e-11 -0.8870108568254262 -0.4617485678091744 2.0 0.0 0.0 0.0 1.0
0.9396926286709127 0.16232288882546664 -0.30104658009169494 7.916666507720947 0.3420201216617963 -0.4459785393079212 0.8271187211369497 1.5 -1.3836364026742487e-08 -0.880201353236933 -0.4746004401176549 2.0 0.0 0.0 0.0 1.0
0.9063077838150863 0.20596374093660674 -0.36903270643072444 8.708333015441895 0.422618268649365 -0.44169065934604723 0.7913931769040389 1.5 -1.567812546454661e-10 -0.8732057597530222 -0.48735172220291534 2.0 0.0 0.0 0.0 1.0
0.8660254004587187 0.2499999959108672 -0.4330127109045212 9.5 0.5000000057603136 -0.43301277412479244 0.7499999544562906 1.5 -4.963284028214332e-08 -0.8660253688485794 -0.500000060510676 2.0 0.0 0.0 0.0 1.0
0.7147779408847578 0.34967575292309544 -0.6056561425777932 9.5 0.6993514818920066 -0.3573890043809551 0.6190158352764853 2.125 -1.7521463280267824e-08 -0.8660253849427605 -0.5000000326347427 2.0 0.0 0.0 0.0 1.0
0.5187732412938834 0.4274559551041554 -0.7403753984050474 9.5 0.8549118809078735 -0.2593866449363069 0.44927079174062545 2.75 -1.5201777558981888e-08 -0.8660253892783288 -0.5000000251253187 2.0 0.0 0.0 0.0 1.0
0.2902846870754069 0.4784701596322276 -0.8287346419639063 9.5 0.9569403327530577 -0.14514236095059285 0.25139390328358274 3.375 -2.1501520952593722e-08 -0.8660254045922664 -0.49999999860080124 2.0 0.0 0.0 0.0 1.0
0.04361939428212114 0.4995241675621419 -0.8652011063699641 9.5 0.9990482212798638 -0.021809673308009536 0.03777551730602713 4.0 3.0360865099776646e-08 -0.8660253715518657 -0.500000055828449 2.0 0.0 0.0 0.0 1.0
-0.2057772127224915 0.4892993422265872 -0.8474915294094637 9.5 0.9785988650740209 0.10288856115032607 -0.17820831984016333 4.625 -2.962906819892197e-08 -0.8660254601806143 -0.499999902318945 2.0 0.0 0.0 0.0 1.0
-0.4422887158080999 0.4484363728847776 -0.7767145623346885 9.5 0.896872728913541 0.22114437077620708 -0.38303325626526696 5.25 9.026379921284189e-09 -0.8660253961333584 -0.5000000132520597 2.0 0.0 0.0 0.0 1.0
-0.65110540345264 0.3794936504604279 -0.6573023070513244 9.5 0.7589873211027802 0.3255526795855608 -0.5638738327142752 5.875 -1.181752334877828e-08 -0.8660254165293764 -0.49999997792511963 2.0 0.0 0.0 0.0 1.0
-0.8191520461405908 0.28678822897422107 -0.49673175560408167 9.5 0.5735764337066885 0.4095760371791376 -0.7094064733740102 6.5 -2.1204246969386276e-09 -0.8660253930979527 -0.5000000185095361 2.0 0.0 0.0 0.0 1.0
-0.9455185759558828 0.15783854959099222 -0.2847483358781424 7.71999979019165 0.3255681534216135 0.45839647503123904 -0.8269691948050878 6.5 1.5173085982089773e-08 -0.8746197253332139 -0.4848095874238185 2.0 0.0 0.0 0.0 1.0
-0.9986295309685103 0.024570257132905914 -0.046209980978513365 5.940000057220459 0.052336028485271656 0.46882816875726097 -0.8817375393517629 6.5 2.2694855706523187e-08 -0.8829475922409754 -0.4694715639480871 2.0 0.0 0.0 0.0 1.0
-0.9743700515967364 -0.10212565860247927 0.20043291248291234 4.159999847412109 -0.22495111146952115 0.44235471750129784 -0.8681700878013328 6.5 -2.383657660143257e-09 -0.8910065396838323 -0.4539904693279839 2.0 0.0 0.0 0.0 1.0
-0.8746197026231346 -0.21252657629959013 0.43574399611445447 2.380000114440918 -0.48480962839388697 0.38340804652018035 -0.7861029793100649 6.5 2.0478535617263205e-08 -0.8987940388264453 -0.43837116211042626 2.0 0.0 0.0 0.0 1.0
-0.7071067771023403 -0.2988362453618496 0.6408563834697858 0.6000000238418579 -0.7071067852707542 0.2988362186621053 -0.6408563869072336 6.5 1.8137935597906107e-08 -0.9063077914669865 -0.4226182522398112 2.0 0.0 0.0 0.0 1.0
