-0.9659258425766497 0.0669872876516261 -0.24999993987132613 5.5333333015441895 0.25881898431642913 0.24999995040803857 -0.9330127320424894 2.8333332538604736 -1.9694115685475744e-08 -0.9659258398495488 -0.2588189944941115 2.200000047683716 0.0 0.0 0.0 1.0
-0.8660254201075439 0.1294095118016028 -0.4829628867551031 6.066666603088379 0.49999997172755006 0.22414380719160332 -0.8365163369415463 1.6666666269302368 -3.060813455468825e-08 -0.9659258418496339 -0.25881898702969 2.200000047683716 0.0 0.0 0.0 1.0
-0.707106776311536 0.18301268594762876 -0.6830127112115418 6.599999904632568 0.7071067860615581 0.1830127132310675 -0.6830126938070014 0.5 2.182018693508425e-08 -0.9659258271617119 -0.2588190418457683 2.200000047683716 0.0 0.0 0.0 1.0
-0.5000000193252152 0.22414388157389514 -0.8365162885609413 7.133333206176758 0.8660253926270192 0.1294095820265656 -0.4829629172151075 -0.6666666865348816 4.03402393711616e-08 -0.9659258151808021 -0.25881908655912733 2.200000047683716 0.0 0.0 0.0 1.0
-0.25881907493243794 0.2500000178512967 -0.9330126888341168 7.666666507720947 0.965925818296165 0.06698734673978002 -0.2500000178512967 -1.8333333730697632 3.557389677277811e-08 -0.965925818296165 -0.25881907493243794 2.200000047683716 0.0 0.0 0.0 1.0
2.220446049250313e-16 0.2588189756341456 -0.9659258449030605 8.199999809265137 0.9999999999999999 0.0 1.1102230246251565e-16 -3.0 -1.1102230246251565e-16 -0.9659258449030605 -0.25881897563414547 2.200000047683716 0.0 0.0 0.0 1.0
0.2868032900577574 0.24794598628594444 -0.9253467786169336 7.416666507720947 0.9579894951470215 -0.07423020015906578 0.2770306924734154 -3.549999952316284 -2.8316482547641186e-08 -0.9659258073315131 -0.25881911585306816 2.200000047683716 0.0 0.0 0.0 1.0
0.5495089768666004 0.21624017011889968 -0.8070192520441946 6.633333206176758 0.8354878122049545 -0.14222343039746255 0.5307849013517217 -4.099999904632568 -2.9057680206445724e-08 -0.9659258173757069 -0.2588190783676345 2.200000047683716 0.0 0.0 0.0 1.0
0.7660444188066811 0.1663656605657767 -0.6208851869707048 5.849999904632568 0.642787638660804 -0.19826679300411532 0.7399421128552768 -4.650000095367432 4.354116250882001e-08 -0.9659258490051792 -0.25881896032482254 2.200000047683716 0.0 0.0 0.0 1.0
0.918216102541453 0.10251301571874144 -0.3825836779605643 5.066666603088379 0.396079776097674 -0.23765184418013718 0.8869286397023133 -5.199999809265137 1.2962657336412775e-08 -0.9659258162850957 -0.2588190824378507 2.200000047683716 0.0 0.0 0.0 1.0
0.9932383655397861 0.030047047739799514 -0.11213707746314996 4.2833333015441895 0.11609284741039938 -0.25706910057982246 0.9593945634134198 -5.75 -3.3969147425483293e-09 -0.9659258006954794 -0.2588191406190754 2.200000047683716 0.0 0.0 0.0 1.0
0.9848077427524524 -0.044943468952992435 0.1677313161377172 3.5 -0.17364823585288552 -0.254887033698203 0.9512512235144359 -6.300000190734863 7.798121176572081e-09 -0.9659258173643575 -0.25881907840999174 2.200000047683716 0.0 0.0 0.0 1.0
0.9983081569539023 -0.015048982411145873 0.056163617117238995 2.0166666507720947 -0.058144851528770386 -0.2583810634381687 0.964291658315708 -6.449999809265137 6.912078586579495e-09 -0.965925853357777 -0.2588189440807027 2.200000047683716 0.0 0.0 0.0 1.0
0.9983081569539023 0.015048982411145873 -0.056163617117238995 0.5333333611488342 0.058144851528770386 -0.2583810634381687 0.964291658315708 -6.599999904632568 -6.912078586579495e-09 -0.965925853357777 -0.2588189440807027 2.200000047683716 0.0 0.0 0.0 1.0
0.9848077427524524 0.044943468952992435 -0.1677313161377172 -0.949999988079071 0.17364823585288552 -0.254887033698203 0.9512512235144359 -6.75 -7.798121176572081e-09 -0.9659258173643575 -0.25881907840999174 2.200000047683716 0.0 0.0 0.0 1.0
0.957989525508948 0.07423013253250543 -0.27703060560044135 -2.433333396911621 0.286803188641864 -0.24794595045745504 0.9253468196501294 -6.900000095367432 2.497557438640996e-10 -0.9659258217254348 -0.2588190621342332 2.200000047683716 0.0 0.0 0.0 1.0
0.918216102541453 0.10251301571874144 -0.3825836779605643 -3.9166667461395264 0.396079776097674 -0.23765184418013718 0.8869286397023133 -7.050000190734863 1.2962657336412775e-08 -0.9659258162850957 -0.2588190824378507 2.200000047683716 0.0 0.0 0.0 1.0
0.8660254201075441 0.12940951180160284 -0.48296288675510324 -5.400000095367432 0.49999997172755006 -0.22414380719160376 0.8365163369415465 -7.199999809265137 3.060813447142152e-08 -0.9659258418496341 -0.25881898702969064 2.200000047683716 0.0 0.0 0.0 1.0
0.6427875200003751 0.1982669503605226 -0.7399421737720492 -4.266666889190674 0.7660445183745943 -0.16636561176462816 0.6208850772006178 -5.800000190734863 5.8370888456060754e-08 -0.9659258251112863 -0.2588190494980567 2.200000047683716 0.0 0.0 0.0 1.0
0.34202010972682695 0.2432103595732376 -0.907673380428613 -3.133333444595337 0.939692633014886 -0.08852132268246193 0.33036605589572654 -4.400000095367432 -9.540103707017522e-10 -0.9659258234599611 -0.25881905566089225 2.200000047683716 0.0 0.0 0.0 1.0
2.220446049250313e-16 0.2588189756341456 -0.9659258449030605 -2.0 0.9999999999999999 0.0 1.1102230246251565e-16 -3.0 -1.1102230246251565e-16 -0.9659258449030605 -0.25881897563414547 2.200000047683716 0.0 0.0 0.0 1.0
-0.34202010972682717 0.2432103595732376 -0.907673380428613 -3.0 0.939692633014886 0.08852132268246193 -0.33036605589572654 -1.6666666269302368 9.540103707017522e-10 -0.9659258234599611 -0.25881905566089225 2.200000047683716 0.0 0.0 0.0 1.0
-0.6427875528307987 0.1982669114657356 -0.7399421556740985 -4.0 0.7660444908266053 0.16636563507395818 -0.6208851049434556 -0.3333333432674408 -2.5485502930244763e-08 -0.9659258290802026 -0.2588190346858643 2.200000047683716 0.0 0.0 0.0 1.0
-0.8660254201075439 0.1294095118016028 -0.4829628867551031 -5.0 0.49999997172755006 0.22414380719160332 -0.8365163369415463 1.0 -3.060813455468825e-08 -0.9659258418496339 -0.25881898702969 2.200000047683716 0.0 0.0 0.0 1.0
-0.6427875528307987 0.1982669114657356 -0.7399421556740985 -4.333333492279053 0.7660444908266053 0.16636563507395818 -0.6208851049434556 2.3333332538604736 -2.5485502930244763e-08 -0.9659258290802026 -0.2588190346858643 2.200000047683716 0.0 0.0 0.0 1.0
-0.34202010972682717 0.2432103595732376 -0.907673380428613 -3.6666667461395264 0.939692633014886 0.08852132268246193 -0.33036605589572654 3.6666667461395264 9.540103707017522e-10 -0.9659258234599611 -0.25881905566089225 2.200000047683716 0.0 0.0 0.0 1.0
2.220446049250313e-16 0.2588189756341456 -0.9659258449030605 -3.0 0.9999999999999999 0.0 1.1102230246251565e-16 5.0 -1.1102230246251565e-16 -0.9659258449030605 -0.25881897563414547 2.200000047683716 0.0 0.0 0.0 1.0
0.5000000193252152 0.22414388157389514 -0.8365162885609413 -4.5 0.8660253926270192 -0.1294095820265655 0.4829629172151075 6.666666507720947 -4.03402393711616e-08 -0.9659258151808021 -0.25881908655912733 2.200000047683716 0.0 0.0 0.0 1.0
0.8660254201075441 0.12940951180160284 -0.48296288675510324 -6.0 0.49999997172755006 -0.22414380719160376 0.8365163369415465 8.333333015441895 3.060813447142152e-08 -0.9659258418496341 -0.25881898702969064 2.200000047683716 0.0 0.0 0.0 1.0
1.0 0.0 0.0 -7.5 0.0 -0.2588190190685902 0.9659258332648386 10.0 0.0 -0.9659258332648386 -0.2588190190685902 2.200000047683716 0.0 0.0 0.0 1.0
0.918216102541453 0.10251301571874144 -0.3825836779605643 -5.5 0.396079776097674 -0.23765184418013718 0.8869286397023133 10.666666984558105 1.2962657336412775e-08 -0.9659258162850957 -0.2588190824378507 2.200000047683716 0.0 0.0 0.0 1.0
0.686241603380593 0.18825812433566086 -0.7025890266800725 -3.5 0.7273736741109296 -0.1776123533147551 0.6628584993498701 11.333333015441895 7.345786312562552e-09 -0.9659258411346148 -0.25881898969817985 2.200000047683716 0.0 0.0 0.0 1.0
0.34202010972682695 0.2432103595732376 -0.907673380428613 -1.5 0.939692633014886 -0.08852132268246193 0.33036605589572654 12.0 -9.540103707017522e-10 -0.9659258234599611 -0.25881905566089225 2.200000047683716 0.0 0.0 0.0 1.0
