0.7844156482175957 -0.26212282841829637 0.5621242866603091 0.6000000238418579 -0.6202355123913568 -0.3315083299487509 0.710922032534666 1.5 -1.0458478694186368e-08 -0.9063078119472335 -0.4226182083197756 2.0 0.0 0.0 0.0 1.0
0.6202355028233844 -0.33150837454029125 0.7109220200887559 0.6000000238418579 -0.7844156557829677 -0.26212286240598237 0.562124260254502 1.5 1.5046474399760257e-08 -0.9063077858066477 -0.4226182643784475 2.0 0.0 0.0 0.0 1.0
0.42261825717221446 -0.3830222298730809 0.8213938033171255 0.6000000238418579 -0.906307789166969 -0.1786061665182188 0.3830222298730809 1.5 -3.016465571770155e-08 -0.906307789166969 -0.4226182571722146 2.0 0.0 0.0 0.0 1.0
0.7273736497194183 -0.290018248575029 0.6219461304544998 1.9833333492279053 -0.6862416292340862 -0.30740139544107925 0.6592243991138556 1.5 2.741966487196379e-09 -0.906307783026467 -0.4226182703405641 2.0 0.0 0.0 0.0 1.0
0.929347520189064 -0.15603325603899804 0.33461441948652754 3.366666555404663 -0.36920615747633084 -0.3927591853783201 0.8422749168665304 1.5 -1.0945292949759988e-08 -0.9063078093621539 -0.42261821386349774 2.0 0.0 0.0 0.0 1.0
1.0 0.0 0.0 4.75 0.0 -0.42261834654029173 0.906307747493946 1.5 0.0 -0.906307747493946 -0.42261834654029173 2.0 0.0 0.0 0.0 1.0
0.997356915840776 0.03070657826151916 -0.06585050095515124 5.541666507720947 0.07265798252480529 -0.4215012841552992 0.903912321539461 1.5 -1.627196309639256e-08 -0.9063077697487217 -0.42261829881477797 2.0 0.0 0.0 0.0 1.0
0.9894416281381061 0.06125086476904029 -0.1313529446661112 6.333333492279053 0.1449319305998979 -0.41815605671171396 0.8967386730413138 1.5 -1.0183430834698193e-08 -0.9063078085288434 -0.4226182156505387 2.0 0.0 0.0 0.0 1.0
0.9762960051158457 0.09147133628680085 -0.196160916170239 7.125 0.21643962297795785 -0.41260052508979017 0.8848246698079733 1.5 -2.0870723205224095e-09 -0.9063077851003688 -0.4226182658930677 2.0 0.0 0.0 0.0 1.0
0.9579894976531186 0.12120829861009043 -0.259932050225386 7.916666507720947 0.2868032816868127 -0.40486378994789174 0.8682333725460591 1.5 1.4899633055120987e-08 -0.9063078174312944 -0.42261819655916755 2.0 0.0 0.0 0.0 1.0
0.9346189364130921 0.15030449271421384 -0.3223290293597263 8.708333015441895 0.3556507327393833 -0.39498699332974985 0.8470524372211343 1.5 1.270916608064887e-08 -0.9063078034366949 -0.42261822657068726 2.0 0.0 0.0 0.0 1.0
0.9063078138502769 0.1786061880628528 -0.38302216142096623 9.5 0.422618204238686 -0.38302229839822366 0.8213937985983402 1.5 -1.3338797733020158e-08 -0.9063077559611852 -0.42261832838224245 2.0 0.0 0.0 0.0 1.0
0.7273736497194183 0.290018248575029 -0.6219461304544998 9.5 0.6862416292340862 -0.30740139544107925 0.6592243991138556 2.3333332538604736 -2.741966487196379e-09 -0.906307783026467 -0.4226182703405641 2.0 0.0 0.0 0.0 1.0
0.47460041892374427 0.3719891474850238 -0.7977333617887443 9.5 0.8802013646645868 -0.20057486876218888 0.4301340252335659 3.1666667461395264 -7.499706117242155e-08 -0.9063077822541281 -0.4226182719968441 2.0 0.0 0.0 0.0 1.0
0.17364813882869057 0.41619776319208956 -0.8925389323694699 9.5 0.984807759860436 -0.07338683986176098 0.1573786766171777 4.0 4.148201521170236e-08 -0.9063077808608981 -0.4226182749846399 2.0 0.0 0.0 0.0 1.0
-0.14493187661463502 0.4181561113807076 -0.8967386562739033 9.5 0.9894416360457854 0.061250848344833964 -0.1313528927586981 4.833333492279053 -1.1414201139814395e-08 -0.9063077844154289 -0.4226182673619263 2.0 0.0 0.0 0.0 1.0
-0.4487991669414657 0.3776654779188814 -0.8099062257699647 9.5 0.8936326469823302 0.1896707168555538 -0.4067501830544814 5.666666507720947 -7.849298044870778e-09 -0.9063077876504223 -0.42261826042445994 2.0 0.0 0.0 0.0 1.0
-0.7071067771023403 0.2988362453618496 -0.6408563834697858 9.5 0.7071067852707542 0.2988362186621053 -0.6408563869072336 6.5 -1.8137935597906107e-08 -0.9063077914669865 -0.4226182522398112 2.0 0.0 0.0 0.0 1.0
-0.8660254167596286 0.21130909605650608 -0.4531538849553132 8.016666412353516 0.4999999775263104 0.36599812539315346 -0.7848855933716624 6.5 7.165128879105254e-09 -0.9063078054019394 -0.4226182223562063 2.0 0.0 0.0 0.0 1.0
-0.9659258162500166 0.10938165323599294 -0.23456975814690934 6.5333333015441895 0.25881908256876685 0.40821789425121735 -0.87542608672084 6.5 2.0074307424677862e-08 -0.906307786984346 -0.42261826185286466 2.0 0.0 0.0 0.0 1.0
-1.0 1.0328566663785214e-16 -6.580023173926069e-17 5.050000190734863 1.0328566663785217e-16 0.4226181973700065 -0.9063078170531942 6.5 -6.580023173926067e-17 -0.9063078170531942 -0.4226181973700065 2.0 0.0 0.0 0.0 1.0
-0.9659258162500166 -0.10938165323599294 0.23456975814690934 3.566666603088379 -0.25881908256876685 0.40821789425121735 -0.87542608672084 6.5 -2.0074307424677862e-08 -0.906307786984346 -0.42261826185286466 2.0 0.0 0.0 0.0 1.0
-0.8660254167596286 -0.21130909605650608 0.4531538849553132 2.0833332538604736 -0.4999999775263104 0.36599812539315346 -0.7848855933716624 6.5 -7.165128879105254e-09 -0.9063078054019394 -0.4226182223562063 2.0 0.0 0.0 0.0 1.0
-0.7071067771023403 -0.2988362453618496 0.6408563834697858 0.6000000238418579 -0.7071067852707542 0.2988362186621053 -0.6408563869072336 6.5 1.8137935597906107e-08 -0.9063077914669865 -0.4226182522398112 2.0 0.0 0.0 0.0 1.0
