-0.9659258425766497 0.0669872876516261 -0.24999993987132613 5.5333333015441895 0.25881898431642913 0.24999995040803857 -0.9330127320424894 2.8333332538604736 -1.9694115685475744e-08 -0.9659258398495488 -0.2588189944941115 2.200000047683716 0.0 0.0 0.0 1.0
-0.8660254201075439 0.1294095118016028 -0.4829628867551031 6.066666603088379 0.49999997172755006 0.22414380719160332 -0.8365163369415463 1.6666666269302368 -3.060813455468825e-08 -0.9659258418496339 -0.25881898702969 2.200000047683716 0.0 0.0 0.0 1.0
-0.707106776311536 0.18301268594762876 -0.6830127112115418 6.599999904632568 0.7071067860615581 0.1830127132310675 -0.6830126938070014 0.5 2.182018693508425e-08 -0.9659258271617119 -0.2588190418457683 2.200000047683716 0.0 0.0 0.0 1.0
-0.5000000193252152 0.22414388157389514 -0.8365162885609413 7.133333206176758 0.8660253926270192 0.1294095820265656 -0.4829629172151075 -0.6666666865348816 4.03402393711616e-08 -0.9659258151808021 -0.25881908655912733 2.200000047683716 0.0 0.0 0.0 1.0
-0.25881907493243794 0.2500000178512967 -0.9330126888341168 7.666666507720947 0.965925818296165 0.06698734673978002 -0.2500000178512967 -1.8333333730697632 3.557389677277811e-08 -0.965925818296165 -0.25881907493243794 2.200000047683716 0.0 0.0 0.0 1.0
2.220446049250313e-16 0.2588189756341456 -0.9659258449030605 8.199999809265137 0.9999999999999999 0.0 1.1102230246251565e-16 -3.0 -1.1102230246251565e-16 -0.9659258449030605 -0.25881897563414547 2.200000047683716 0.0 0.0 0.0 1.0
0.2868032900577574 0.24794598628594444 -0.9253467786169336 7.416666507720947 0.9579894951470215 -0.07423020015906578 0.2770306924734154 -3.549999952316284 -2.8316482547641186e-08 -0.9659258073315131 -0.25881911585306816 2.200000047683716 0.0 0.0 0.0 1.0
0.5495089768666004 0.21624017011889968 -0.8070192520441946 6.633333206176758 0.8354878122049545 -0.14222343039746255 0.5307849013517217 -4.099999904632568 -2.9057680206445724e-08 -0.9659258173757069 -0.2588190783676345 2.200000047683716 0.0 0.0 0.0 1.0
0.7660444188066811 0.1663656605657767 -0.6208851869707048 5.849999904632568 0.642787638660804 -0.19826679300411532 0.7399421128552768 -4.650000095367432 4.354116250882001e-08 -0.9659258490051792 -0.25881896032482254 2.200000047683716 0.0 0.0 0.0 1.0
0.918216102541453 0.10251301571874144 -0.3825836779605643 5.066666603088379 0.396079776097674 -0.23765184418013718 0.8869286397023133 -5.199999809265137 1.2962657336412775e-08 -0.9659258162850957 -0.2588190824378507 2.200000047683716 0.0 0.0 0.0 1.0
0.9932383655397861 0.030047047739799514 -0.11213707746314996 4.2833333015441895 0.11609284741039938 -0.25706910057982246 0.9593945634134198 -5.75 -3.3969147425483293e-09 -0.9659258006954794 -0.2588191406190754 2.200000047683716 0.0 0.0 0.0 1.0
0.9848077427524524 -0.044943468952992435 0.1677313161377172 3.5 -0.17364823585288552 -0.254887033698203 0.9512512235144359 -6.300000190734863 7.798121176572081e-09 -0.9659258173643575 -0.25881907840999174 2.200000047683716 0.0 0.0 0.0 1.0
