0.6202355028233844 0.33150837454029125 -0.7109220200887559 3.0 0.7844156557829677 -0.26212286240598237 0.562124260254502 -1.3333333730697632 -1.5046474399760257e-08 -0.9063077858066477 -0.4226182643784475 1.0 0.0 0.0 0.0 1.0
0.36920611027078687 0.39275924311814564 -0.8422749106342755 3.0 0.9293475389426258 -0.15603325615525376 0.33461436734676164 -0.6666666865348816 -1.122857012925138e-08 -0.9063077843199021 -0.42261826756678356 1.0 0.0 0.0 0.0 1.0
0.08715573682351807 0.4210101199774755 -0.9028589903275602 3.0 0.9961946986100406 -0.03683359995201041 0.07898992578693659 0.0 1.126976867382723e-08 -0.9063077649403248 -0.4226183091264186 1.0 0.0 0.0 0.0 1.0
-0.20221761249975945 0.4138872190364288 -0.8875840281985634 3.0 0.9793406134715831 0.0854608693981882 -0.18327139058458897 0.6666666865348816 1.653580056215631e-08 -0.9063077897270865 -0.42261825597103897 1.0 0.0 0.0 0.0 1.0
-0.47460039537790344 0.37198915442166625 -0.7977333725624063 3.0 0.8802013773603952 0.20057480481398615 -0.43013402907314174 1.3333333730697632 2.1732404931196214e-08 -0.9063077935593873 -0.4226182477526428 1.0 0.0 0.0 0.0 1.0
-0.7071067771023403 0.2988362453618496 -0.6408563834697858 3.0 0.7071067852707542 0.2988362186621053 -0.6408563869072336 2.0 -1.8137935597906107e-08 -0.9063077914669865 -0.4226182522398112 1.0 0.0 0.0 0.0 1.0
-0.8660254167596286 0.21130909605650608 -0.4531538849553132 2.1666667461395264 0.4999999775263104 0.36599812539315346 -0.7848855933716624 2.0 7.165128879105254e-09 -0.9063078054019394 -0.4226182223562063 1.0 0.0 0.0 0.0 1.0
-0.9659258162500166 0.10938165323599294 -0.23456975814690934 1.3333333730697632 0.25881908256876685 0.40821789425121735 -0.87542608672084 2.0 2.0074307424677862e-08 -0.906307786984346 -0.42261826185286466 1.0 0.0 0.0 0.0 1.0
-1.0 1.0328566663785214e-16 -6.580023173926069e-17 0.5 1.0328566663785217e-16 0.4226181973700065 -0.9063078170531942 2.0 -6.580023173926067e-17 -0.9063078170531942 -0.4226181973700065 1.0 0.0 0.0 0.0 1.0
-0.9659258162500166 -0.10938165323599294 0.23456975814690934 -0.3333333432674408 -0.25881908256876685 0.40821789425121735 -0.87542608672084 2.0 -2.0074307424677862e-08 -0.906307786984346 -0.42261826185286466 1.0 0.0 0.0 0.0 1.0
-0.8660254167596286 -0.21130909605650608 0.4531538849553132 -1.1666666269302368 -0.4999999775263104 0.36599812539315346 -0.7848855933716624 2.0 -7.165128879105254e-09 -0.9063078054019394 -0.4226182223562063 1.0 0.0 0.0 0.0 1.0
-0.7071067771023403 -0.2988362453618496 0.6408563834697858 -2.0 -0.7071067852707542 0.2988362186621053 -0.6408563869072336 2.0 1.8137935597906107e-08 -0.9063077914669865 -0.4226182522398112 1.0 0.0 0.0 0.0 1.0
-0.5616020828583361 -0.34967747413123673 0.74988583438706 -2.0 -0.8274074573806902 0.2373432946162577 -0.5089843415779329 1.3333333730697632 -1.5584164125836963e-08 -0.9063077979284404 -0.4226182383831787 1.0 0.0 0.0 0.0 1.0
-0.3960797346068343 -0.3880549155440539 0.8321864132247516 -2.0 -0.9182161204388538 0.16739052398888932 -0.3589701500751078 0.6666666865348816 1.1504106722792784e-08 -0.9063077816066804 -0.42261827338530655 1.0 0.0 0.0 0.0 1.0
-0.2164396368150896 -0.412600515591009 0.8848246708525853 -2.0 -0.9762960020482261 0.09147138856433157 -0.1961609070604114 0.0 -4.988693802499e-08 -0.9063077841484906 -0.42261826793437507 1.0 0.0 0.0 0.0 1.0
-0.029084729120747443 -0.42243948591330144 0.9059243673029655 -2.0 -0.999576949780242 0.012291753533544725 -0.026359709085992167 -0.6666666865348816 -1.708780977827118e-08 -0.9063077807987616 -0.4226182751178933 1.0 0.0 0.0 0.0 1.0
0.15930676706419344 -0.41722099408945434 0.8947334776672675 -2.0 -0.9872291294160415 -0.06732593280882848 0.14438097105874614 -1.3333333730697632 -6.27349522330789e-09 -0.9063078179418013 -0.4226181954643833 1.0 0.0 0.0 0.0 1.0
0.34202011940348154 -0.397131270948163 0.8516507450582809 -2.0 -0.9396926294928711 -0.14454390729033384 0.30997551668158757 -2.0 -4.4565124535100864e-08 -0.9063077912609712 -0.4226182526816109 1.0 0.0 0.0 0.0 1.0
-0.14904226832317846 -0.42903763786329324 0.8909057792773416 -1.3571428060531616 -0.9888308259015199 0.06466701791073448 -0.13428244316161003 -1.7142857313156128 2.2352643624934387e-09 -0.9009688574480355 -0.43388376082630886 1.0714285373687744 0.0 0.0 0.0 1.0
-0.6038043844184173 -0.3547891719874023 0.7138241441682887 -0.7142857313156128 -0.7971325268467571 0.2687423545354707 -0.5407007319410946 -1.4285714626312256 -1.624968992697262e-08 -0.8954899163693719 -0.44508180111163265 1.1428571939468384 0.0 0.0 0.0 1.0
-0.9115058423712399 -0.18763357331007674 0.3659928161726513 -0.0714285746216774 -0.4112871251608731 0.415838726678201 -0.8111233285213518 -1.1428571939468384 -1.812497968378679e-08 -0.8898717860240005 -0.4562107018017607 1.2142857313156128 0.0 0.0 0.0 1.0
-0.9972037970485017 0.034919031082295646 -0.06607002664086473 0.5714285969734192 0.07473009535689686 0.46596210793822934 -0.881643196998486 -0.8571428656578064 2.685627671639157e-09 -0.8841153630799748 -0.4672686858392765 1.2857142686843872 0.0 0.0 0.0 1.0
-0.8400259314801948 0.25947492467790534 -0.4764758104082786 1.2142857313156128 0.542546250969288 0.40174572900105365 -0.7377289033165111 -0.5714285969734192 -2.9816923763359426e-08 -0.8782215738028798 -0.47825397782683576 1.3571428060531616 0.0 0.0 0.0 1.0
-0.4782539413124147 0.42959527552328547 -0.7659771973546039 1.8571428060531616 0.8782215936875735 0.23394509251947926 -0.41712890821293 -0.2857142984867096 -1.9495267622460233e-09 -0.8721912593772795 -0.4891650100588505 1.4285714626312256 0.0 0.0 0.0 1.0
0.0 0.5000000401295273 -0.866025380615644 2.5 1.0 0.0 0.0 0.0 0.0 -0.866025380615644 -0.5000000401295273 1.5 0.0 0.0 0.0 1.0
-0.10452843481622498 0.49726094078792765 -0.8612812334432784 2.5 0.9945218983586386 0.052264225111747775 -0.09052427552098108 0.5 9.85949460963198e-09 -0.86602540813776 -0.4999999924598262 1.5 0.0 0.0 0.0 1.0
-0.207911635961056 0.48907379740254003 -0.8471006860617315 2.5 0.9781476123939545 0.10395576802412387 -0.18005678732699937 1.0 -5.4312807695744425e-08 -0.8660254147476121 -0.4999999810112228 1.5 0.0 0.0 0.0 1.0
-0.3090170267580692 0.4755282653110164 -0.8236390872608571 2.5 0.9510565057732385 0.15450852318016395 -0.26761658971573926 1.5 6.3301575092822304e-09 -0.8660253952136625 -0.500000014845019 1.5 0.0 0.0 0.0 1.0
-0.4067366527671856 0.4567727100101424 -0.7911535797086022 2.5 0.9135454533277172 0.20336834905312196 -0.352244260858375 2.0 3.173500640052396e-08 -0.8660254072447283 -0.4999999940066009 1.5 0.0 0.0 0.0 1.0
-0.500000006730587 0.4330126999492663 -0.7499999966347064 2.5 0.8660253998985323 0.25000001682646733 -0.4330126999492663 2.5 1.3461173786755154e-08 -0.8660253998985323 -0.500000006730587 1.5 0.0 0.0 0.0 1.0
-0.6691306080382018 0.371572388599511 -0.6435823097451332 2.0 0.7431448239653065 0.3345652659802586 -0.5794841269725448 2.5 -1.4574621065577276e-08 -0.8660254285123576 -0.49999995716998535 1.5 0.0 0.0 0.0 1.0
-0.8090169918279169 0.29389265148292154 -0.5090369498750035 1.5 0.5877852557981602 0.40450850861438625 -0.7006292596836479 2.5 -1.3411389776507576e-08 -0.8660253898488792 -0.5000000241370965 1.5 0.0 0.0 0.0 1.0
-0.9135454489895811 0.20336832342260097 -0.35224428690711906 1.0 0.4067366625107994 0.45677275628389147 -0.7911535479831919 2.5 2.3192634590607497e-08 -0.8660253888571032 -0.5000000258549018 1.5 0.0 0.0 0.0 1.0
-0.9781476025576723 0.10395584017934657 -0.18005679910318395 0.5 0.20791168223714168 0.48907377729469925 -0.8471006863130361 2.5 -4.69718577922329e-09 -0.8660254174418331 -0.4999999763446985 1.5 0.0 0.0 0.0 1.0
-1.0000000000000004 1.0605752945211376e-16 -6.123234427777682e-17 0.0 1.0605752945211376e-16 0.49999998653882616 -0.8660254115562509 2.5 -6.123234427777682e-17 -0.8660254115562509 -0.4999999865388265 1.5 0.0 0.0 0.0 1.0
