0.8090170073853218 -0.20103439225046468 0.5523374465793391 0.30000001192092896 -0.5877852343852283 -0.276700094663217 0.7602273185383884 -1.5 -1.3200022519477272e-08 -0.9396926256738704 -0.34202012989610253 1.5 0.0 0.0 0.0 1.0
0.8910065311253537 -0.15527390130168497 0.4266115060174993 0.6000000238418579 -0.4539904861249453 -0.30474217993201447 0.8372722629338198 -1.5 -1.0389571952762466e-08 -0.9396926196075173 -0.3420201465632713 1.5 0.0 0.0 0.0 1.0
0.951056499989849 -0.10569007760788907 0.29038102782774344 0.8999999761581421 -0.30901704455751033 -0.3252805510981449 0.893700749272501 -1.5 -7.885851971423108e-10 -0.9396925936563117 -0.3420202178636147 1.5 0.0 0.0 0.0 1.0
0.9876883467383794 -0.05350372466771185 0.1470002760673894 1.2000000476837158 -0.15643442625332427 -0.3378092108835531 0.9281234871098909 -1.5 -1.6253974874369526e-08 -0.9396926563983099 -0.34202004548138243 1.5 0.0 0.0 0.0 1.0
1.0 0.0 0.0 1.5 0.0 -0.3420202274252553 0.9396925901761578 -1.5 0.0 -0.9396925901761578 -0.3420202274252553 1.5 0.0 0.0 0.0 1.0
0.9876883467383794 0.05350372466771185 -0.1470002760673894 1.7999999523162842 0.15643442625332427 -0.3378092108835531 0.9281234871098909 -1.5 1.6253974874369526e-08 -0.9396926563983099 -0.34202004548138243 1.5 0.0 0.0 0.0 1.0
0.951056499989849 0.10569007760788907 -0.29038102782774344 2.0999999046325684 0.30901704455751033 -0.3252805510981449 0.893700749272501 -1.5 7.885851971423108e-10 -0.9396925936563117 -0.3420202178636147 1.5 0.0 0.0 0.0 1.0
0.8910065311253537 0.15527390130168497 -0.4266115060174993 2.4000000953674316 0.4539904861249453 -0.30474217993201447 0.8372722629338198 -1.5 1.0389571952762466e-08 -0.9396926196075173 -0.3420201465632713 1.5 0.0 0.0 0.0 1.0
0.8090170073853218 0.20103439225046468 -0.5523374465793391 2.700000047683716 0.5877852343852283 -0.276700094663217 0.7602273185383884 -1.5 1.3200022519477272e-08 -0.9396926256738704 -0.34202012989610253 1.5 0.0 0.0 0.0 1.0
0.7071067509419706 0.24184473696763736 -0.6644630659211573 3.0 0.7071068114311225 -0.24184467826763933 0.664463022914995 -1.5 2.8603166724039397e-08 -0.9396926491117596 -0.34202006550102126 1.5 0.0 0.0 0.0 1.0
0.5877852345881736 0.2767000592580144 -0.7602273312679158 3.0 0.8090170072378737 -0.20103436011688602 0.5523374584909743 -1.2000000476837158 -7.589939621244213e-09 -0.9396926429737577 -0.34202008236504833 1.5 0.0 0.0 0.0 1.0
0.4539905111668353 0.30474214132777094 -0.8372722634062593 3.0 0.8910065183658735 -0.15527388011621457 0.42661154037740223 -0.8999999761581421 1.276973249364488e-09 -0.9396926356275335 -0.34202010254863624 1.5 0.0 0.0 0.0 1.0
0.30901702179566837 0.32528048588660907 -0.8937007808779777 3.0 0.9510565073856204 -0.10569002032421371 0.290381024454651 -0.6000000238418579 2.7032101113100282e-08 -0.9396926226725626 -0.34202013814212817 1.5 0.0 0.0 0.0 1.0
0.15643439978124352 0.3378093195307316 -0.9281234520274048 3.0 0.9876883509311436 -0.05350370188911935 0.14700025618711854 -0.30000001192092896 1.601983934396145e-08 -0.9396926186377886 -0.3420201492275792 1.5 0.0 0.0 0.0 1.0
0.0 0.3420201980450275 -0.9396926008696888 3.0 1.0 0.0 0.0 0.0 0.0 -0.9396926008696888 -0.3420201980450275 1.5 0.0 0.0 0.0 1.0
-0.1564343997812434 0.3378093195307315 -0.9281234520274046 3.0 0.9876883509311436 0.053503701889119015 -0.14700025618711843 0.30000001192092896 -1.6019839399472602e-08 -0.9396926186377885 -0.34202014922757895 1.5 0.0 0.0 0.0 1.0
-0.3090170217956685 0.32528048588660907 -0.8937007808779777 3.0 0.9510565073856204 0.10569002032421371 -0.290381024454651 0.6000000238418579 -2.7032101113100282e-08 -0.9396926226725626 -0.34202013814212817 1.5 0.0 0.0 0.0 1.0
-0.453990511166835 0.30474214132777083 -0.8372722634062593 3.0 0.8910065183658733 0.15527388011621457 -0.4266115403774021 0.8999999761581421 -1.2769733048756393e-09 -0.9396926356275334 -0.342020102548636 1.5 0.0 0.0 0.0 1.0
-0.5877852345881738 0.2767000592580144 -0.7602273312679158 3.0 0.8090170072378737 0.2010343601168858 -0.5523374584909743 1.2000000476837158 7.589939621244213e-09 -0.9396926429737577 -0.34202008236504833 1.5 0.0 0.0 0.0 1.0
-0.7071067755034326 0.24184475519627116 -0.6644630331487177 3.0 0.7071067868696622 0.24184477495991563 -0.6644630138596503 1.5 1.779717084815502e-08 -0.9396926195350497 -0.3420201467623747 1.5 0.0 0.0 0.0 1.0
