0.6202355028233844 0.33150837454029125 -0.7109220200887559 3.0 0.7844156557829677 -0.26212286240598237 0.562124260254502 -1.3333333730697632 -1.5046474399760257e-08 -0.9063077858066477 -0.4226182643784475 1.0 0.0 0.0 0.0 1.0
0.36920611027078687 0.39275924311814564 -0.8422749106342755 3.0 0.9293475389426258 -0.15603325615525376 0.33461436734676164 -0.6666666865348816 -1.122857012925138e-08 -0.9063077843199021 -0.42261826756678356 1.0 0.0 0.0 0.0 1.0
0.08715573682351807 0.4210101199774755 -0.9028589903275602 3.0 0.9961946986100406 -0.03683359995201041 0.07898992578693659 0.0 1.126976867382723e-08 -0.9063077649403248 -0.4226183091264186 1.0 0.0 0.0 0.0 1.0
-0.20221761249975945 0.4138872190364288 -0.8875840281985634 3.0 0.9793406134715831 0.0854608693981882 -0.18327139058458897 0.6666666865348816 1.653580056215631e-08 -0.9063077897270865 -0.42261825597103897 1.0 0.0 0.0 0.0 1.0
-0.47460039537790344 0.37198915442166625 -0.7977333725624063 3.0 0.8802013773603952 0.20057480481398615 -0.43013402907314174 1.3333333730697632 2.1732404931196214e-08 -0.9063077935593873 -0.4226182477526428 1.0 0.0 0.0 0.0 1.0
-0.7071067771023403 0.2988362453618496 -0.6408563834697858 3.0 0.7071067852707542 0.2988362186621053 -0.6408563869072336 2.0 -1.8137935597906107e-08 -0.9063077914669865 -0.4226182522398112 1.0 0.0 0.0 0.0 1.0
-0.8660254167596286 0.21130909605650608 -0.4531538849553132 2.2166666984558105 0.4999999775263104 0.36599812539315346 -0.7848855933716624 1.9500000476837158 7.165128879105254e-09 -0.9063078054019394 -0.4226182223562063 1.0 0.0 0.0 0.0 1.0
-0.9659258162500166 0.10938165323599294 -0.23456975814690934 1.4333332777023315 0.25881908256876685 0.40821789425121735 -0.87542608672084 1.899999976158142 2.0074307424677862e-08 -0.906307786984346 -0.42261826185286466 1.0 0.0 0.0 0.0 1.0
-1.0 1.0328566663785214e-16 -6.580023173926069e-17 0.6499999761581421 1.0328566663785217e-16 0.4226181973700065 -0.9063078170531942 1.850000023841858 -6.580023173926067e-17 -0.9063078170531942 -0.4226181973700065 1.0 0.0 0.0 0.0 1.0
-0.9659258162500166 -0.10938165323599294 0.23456975814690934 -0.13333334028720856 -0.25881908256876685 0.40821789425121735 -0.87542608672084 1.7999999523162842 -2.0074307424677862e-08 -0.906307786984346 -0.42261826185286466 1.0 0.0 0.0 0.0 1.0
-0.8660254167596286 -0.21130909605650608 0.4531538849553132 -0.9166666865348816 -0.4999999775263104 0.36599812539315346 -0.7848855933716624 1.75 -7.165128879105254e-09 -0.9063078054019394 -0.4226182223562063 1.0 0.0 0.0 0.0 1.0
-0.7071067771023403 -0.2988362453618496 0.6408563834697858 -1.7000000476837158 -0.7071067852707542 0.2988362186621053 -0.6408563869072336 1.7000000476837158 1.8137935597906107e-08 -0.9063077914669865 -0.4226182522398112 1.0 0.0 0.0 0.0 1.0
-0.5616020828583361 -0.34967747413123673 0.74988583438706 -1.7000000476837158 -0.8274074573806902 0.2373432946162577 -0.5089843415779329 1.1333333253860474 -1.5584164125836963e-08 -0.9063077979284404 -0.4226182383831787 1.0 0.0 0.0 0.0 1.0
-0.3960797346068343 -0.3880549155440539 0.8321864132247516 -1.7000000476837158 -0.9182161204388538 0.16739052398888932 -0.3589701500751078 0.5666666626930237 1.1504106722792784e-08 -0.9063077816066804 -0.42261827338530655 1.0 0.0 0.0 0.0 1.0
-0.2164396368150896 -0.412600515591009 0.8848246708525853 -1.7000000476837158 -0.9762960020482261 0.09147138856433157 -0.1961609070604114 0.0 -4.988693802499e-08 -0.9063077841484906 -0.42261826793437507 1.0 0.0 0.0 0.0 1.0
-0.029084729120747443 -0.42243948591330144 0.9059243673029655 -1.7000000476837158 -0.999576949780242 0.012291753533544725 -0.026359709085992167 -0.5666666626930237 -1.708780977827118e-08 -0.9063077807987616 -0.4226182751178933 1.0 0.0 0.0 0.0 1.0
0.15930676706419344 -0.41722099408945434 0.8947334776672675 -1.7000000476837158 -0.9872291294160415 -0.06732593280882848 0.14438097105874614 -1.1333333253860474 -6.27349522330789e-09 -0.9063078179418013 -0.4226181954643833 1.0 0.0 0.0 0.0 1.0
0.34202011940348154 -0.397131270948163 0.8516507450582809 -1.7000000476837158 -0.9396926294928711 -0.14454390729033384 0.30997551668158757 -1.7000000476837158 -4.4565124535100864e-08 -0.9063077912609712 -0.4226182526816109 1.0 0.0 0.0 0.0 1.0
-0.9659258310181094 -0.1706512488640804 0.1945904422963886 -1.274999976158142 -0.25881902745349783 0.6368791747595436 -0.7262214729582348 -1.274999976158142 1.0064162142553457e-09 -0.7518397887972759 -0.659345836402466 1.375 0.0 0.0 0.0 1.0
-0.17364814273524387 0.8305784340229234 -0.5291368324551117 -0.8500000238418579 0.9848077591716062 0.14645336374671025 -0.09330107031901338 -0.8500000238418579 1.2117101877429093e-08 -0.5372996158413872 -0.8433914410383223 1.75 0.0 0.0 0.0 1.0
0.996194703322961 0.08367381284362335 -0.024388647266463653 -0.42500001192092896 0.08715568295456577 -0.9563966216452429 0.2787640382730345 -0.42500001192092896 3.0113847217932976e-08 -0.27982886761336273 -0.9600498970627633 2.125 0.0 0.0 0.0 1.0
2.220446049250313e-16 -0.9999999999999998 0.0 0.0 -0.9999999999999998 2.220446049250313e-16 -0.0 0.0 0.0 0.0 -0.9999999999999996 2.5 0.0 0.0 0.0 1.0
0.30901691910604157 -0.9302736785464916 0.19773574970093125 0.0 -0.9510565407515004 -0.30226415679077534 0.06424823587735136 -0.3400000035762787 -1.3079002547655705e-08 -0.20791167000228955 -0.9781476051582705 2.299999952316284 0.0 0.0 0.0 1.0
0.5877852637739795 -0.739073789540016 0.3290568602918248 0.0 -0.8090169860331445 -0.5369685496659964 0.23907382328361068 -0.6800000071525574 -1.1525490700714514e-08 -0.4067366596270324 -0.9135454502735172 2.0999999046325684 0.0 0.0 0.0 1.0
0.8090169573712301 -0.47552828498599986 0.34549155252201313 0.0 -0.587785303223717 -0.6545084319491052 0.47552828498599986 -1.0199999809265137 -1.5528881458504173e-08 -0.587785303223717 -0.80901695737123 1.899999976158142 0.0 0.0 0.0 1.0
0.9510565318682304 -0.20677270859859456 0.22964433406808538 0.0 -0.30901694644594124 -0.6363810721319514 0.7067727059256136 -1.3600000143051147 7.554791930930449e-10 -0.74314478939907 -0.6691306464278939 1.7000000476837158 0.0 0.0 0.0 1.0
1.0 0.0 0.0 0.0 0.0 -0.4999999865388265 0.8660254115562509 -1.7000000476837158 0.0 -0.8660254115562509 -0.4999999865388265 1.5 0.0 0.0 0.0 1.0
0.9925461489767212 0.06093468750244929 -0.10554196326797752 0.3400000035762787 0.12186936510657737 -0.49627313304872533 0.85957014563241 -1.7000000476837158 -2.568566942473538e-09 -0.8660253698783781 -0.5000000587270155 1.5 0.0 0.0 0.0 1.0
0.9702957141922475 0.1209609721003515 -0.20951054925395596 0.6800000071525574 0.24192194406493162 -0.48514793052745087 0.840300695278051 -1.7000000476837158 -2.0436792008693416e-08 -0.8660253626386873 -0.5000000712665247 1.5 0.0 0.0 0.0 1.0
0.9335804001431368 0.17918400259184858 -0.3103558114225427 1.0199999809265137 0.35836801819997827 -0.4667901270470449 0.8085043851599221 -1.7000000476837158 2.3202298971014557e-08 -0.8660254444914237 -0.49999992949342653 1.5 0.0 0.0 0.0 1.0
0.8829476015361148 0.2347357757507254 -0.40657428414045965 1.3600000143051147 0.4694715464664722 -0.441473744988512 0.764655085345149 -1.7000000476837158 3.280471860822587e-08 -0.866025431536813 -0.49999995193147306 1.5 0.0 0.0 0.0 1.0
0.8191520461405908 0.28678822897422107 -0.49673175560408167 1.7000000476837158 0.5735764337066885 -0.4095760371791375 0.7094064733740102 -1.7000000476837158 2.1204246969386276e-09 -0.8660253930979527 -0.5000000185095361 1.5 0.0 0.0 0.0 1.0
0.6946583814862712 0.35966989036033137 -0.6229665344134157 1.7000000476837158 0.7193397896897363 -0.3473291860535346 0.6015918080264349 -1.3600000143051147 2.9813845836557107e-10 -0.8660254075277332 -0.49999999351642366 1.5 0.0 0.0 0.0 1.0
0.5446390354522068 0.4193352777405128 -0.7263100205173936 1.7000000476837158 0.8386705676615158 -0.2723194924827961 0.47167125516849406 -1.0199999809265137 2.0615830653714085e-08 -0.86602541467107 -0.49999998114379984 1.5 0.0 0.0 0.0 1.0
0.3746065280057057 0.46359189529627265 -0.8029648210171605 1.7000000476837158 0.9271838809942236 -0.1873032336101732 0.32441878722364853 -0.6800000071525574 1.2987001529740638e-08 -0.8660254345541956 -0.4999999467052145 1.5 0.0 0.0 0.0 1.0
0.19080903843154007 0.49081357526529446 -0.8501140777496456 1.7000000476837158 0.9816271750786183 -0.09540456531895614 0.16524544793570883 -0.3400000035762787 -5.496158972384535e-08 -0.8660254056617511 -0.4999999967483968 1.5 0.0 0.0 0.0 1.0
0.0 0.5000000401295273 -0.866025380615644 1.7000000476837158 1.0 0.0 0.0 0.0 0.0 -0.866025380615644 -0.5000000401295273 1.5 0.0 0.0 0.0 1.0
-0.10452843481622498 0.49726094078792765 -0.8612812334432784 1.7000000476837158 0.9945218983586386 0.052264225111747775 -0.09052427552098108 0.1599999964237213 9.85949460963198e-09 -0.86602540813776 -0.4999999924598262 1.5 0.0 0.0 0.0 1.0
-0.207911635961056 0.48907379740254003 -0.8471006860617315 1.7000000476837158 0.9781476123939545 0.10395576802412387 -0.18005678732699937 0.3199999928474426 -5.4312807695744425e-08 -0.8660254147476121 -0.4999999810112228 1.5 0.0 0.0 0.0 1.0
-0.3090170267580692 0.4755282653110164 -0.8236390872608571 1.7000000476837158 0.9510565057732385 0.15450852318016395 -0.26761658971573926 0.47999998927116394 6.3301575092822304e-09 -0.8660253952136625 -0.500000014845019 1.5 0.0 0.0 0.0 1.0
-0.4067366527671856 0.4567727100101424 -0.7911535797086022 1.7000000476837158 0.9135454533277172 0.20336834905312196 -0.352244260858375 0.6399999856948853 3.173500640052396e-08 -0.8660254072447283 -0.4999999940066009 1.5 0.0 0.0 0.0 1.0
-0.500000006730587 0.4330126999492663 -0.7499999966347064 1.7000000476837158 0.8660253998985323 0.25000001682646733 -0.4330126999492663 0.800000011920929 1.3461173786755154e-08 -0.8660253998985323 -0.500000006730587 1.5 0.0 0.0 0.0 1.0
-0.6691306080382018 0.371572388599511 -0.6435823097451332 1.3600000143051147 0.7431448239653065 0.3345652659802586 -0.5794841269725448 0.9800000190734863 -1.4574621065577276e-08 -0.8660254285123576 -0.49999995716998535 1.5 0.0 0.0 0.0 1.0
-0.8090169918279169 0.29389265148292154 -0.5090369498750035 1.0199999809265137 0.5877852557981602 0.40450850861438625 -0.7006292596836479 1.159999966621399 -1.3411389776507576e-08 -0.8660253898488792 -0.5000000241370965 1.5 0.0 0.0 0.0 1.0
-0.9135454489895811 0.20336832342260097 -0.35224428690711906 0.6800000071525574 0.4067366625107994 0.45677275628389147 -0.7911535479831919 1.340000033378601 2.3192634590607497e-08 -0.8660253888571032 -0.5000000258549018 1.5 0.0 0.0 0.0 1.0
-0.9781476025576723 0.10395584017934657 -0.18005679910318395 0.3400000035762787 0.20791168223714168 0.48907377729469925 -0.8471006863130361 1.5199999809265137 -4.69718577922329e-09 -0.8660254174418331 -0.4999999763446985 1.5 0.0 0.0 0.0 1.0
-1.0000000000000004 1.0605752945211376e-16 -6.123234427777682e-17 0.0 1.0605752945211376e-16 0.49999998653882616 -0.8660254115562509 1.7000000476837158 -6.123234427777682e-17 -0.8660254115562509 -0.4999999865388265 1.5 0.0 0.0 0.0 1.0
