-0.751839789484479 -0.1706512346378888 0.6368791777601921 0.2750000059604645 -0.6593458356188604 0.19459038334926926 -0.7262214894645099 3.0 3.045016194747063e-08 -0.9659258454066485 -0.25881897375472773 2.200000047683716 0.0 0.0 0.0 1.0
-0.793353342781979 -0.1575590725873009 0.5880183773846602 0.550000011920929 -0.6087614257627192 0.20533500981553188 -0.7663204683729885 3.0 -1.6990478135525677e-08 -0.965925811017329 -0.25881910209741954 2.200000047683716 0.0 0.0 0.0 1.0
-0.8314696040608527 -0.14379215126409695 0.536639650750605 0.824999988079071 -0.5555702453541661 0.2152001489801033 -0.8031379696889276 3.0 3.6332892250356963e-09 -0.9659258320977777 -0.25881902342412055 2.200000047683716 0.0 0.0 0.0 1.0
-0.8660254201075439 -0.1294095118016028 0.4829628867551031 1.100000023841858 -0.49999997172755006 0.22414380719160332 -0.8365163369415463 3.0 3.060813455468825e-08 -0.9659258418496339 -0.25881898702969 2.200000047683716 0.0 0.0 0.0 1.0
-0.8968727358176518 -0.11447274433769933 0.427218078445607 1.375 -0.44228870180794927 0.2321277488025386 -0.866312537418745 3.0 2.8151544706478404e-09 -0.9659258248124756 -0.25881905061323995 2.200000047683716 0.0 0.0 0.0 1.0
-0.9238795334940875 -0.09904576658809697 0.3696438065377581 1.649999976158142 -0.38268342999239824 0.23911757409275725 -0.892399113720564 3.0 2.4023270372985905e-08 -0.9659258366360075 -0.258819006487214 2.200000047683716 0.0 0.0 0.0 1.0
-0.9469301295814074 -0.08319467039105567 0.31048667686305187 1.9249999523162842 -0.3214394650489226 0.24508357935741065 -0.9146642605013174 3.0 5.56250143168846e-09 -0.9659258180356726 -0.25881907590461006 2.200000047683716 0.0 0.0 0.0 1.0
-0.9659258425766497 -0.0669872876516261 0.24999993987132613 2.200000047683716 -0.25881898431642913 0.24999995040803857 -0.9330127320424894 3.0 1.9694115685475744e-08 -0.9659258398495488 -0.2588189944941115 2.200000047683716 0.0 0.0 0.0 1.0
-0.9807852851671761 -0.05049308584061711 0.18844275704264218 2.4749999046325684 -0.1950902980661524 0.25384592862162825 -0.9473658322541946 3.0 -2.363030618401929e-09 -0.9659258215849263 -0.25881906265861576 2.200000047683716 0.0 0.0 0.0 1.0
-0.9914448598325145 -0.0337826721296535 0.12607863013003567 2.75 -0.1305262039273571 0.25660485100054786 -0.9576621849751095 3.0 -4.928892849420663e-10 -0.9659258157367816 -0.2588190844841878 2.200000047683716 0.0 0.0 0.0 1.0
-0.9978589235191371 -0.016927575367495822 0.06317456723560372 3.0250000953674316 -0.06540312495002099 0.2582648701995526 -0.9638577115257106 3.0 2.6483774270835703e-09 -0.9659258325632386 -0.2588190216869961 2.200000047683716 0.0 0.0 0.0 1.0
-1.0 9.715776769505585e-17 -7.455177932443117e-17 3.299999952316284 9.715776769505585e-17 0.25881901906859006 -0.9659258332648386 3.0 -7.455177932443117e-17 -0.9659258332648386 -0.2588190190685902 2.200000047683716 0.0 0.0 0.0 1.0
-0.9978589235191371 0.016927575367495822 -0.06317456723560372 3.575000047683716 0.06540312495002099 0.2582648701995526 -0.9638577115257106 3.0 -2.6483774270835703e-09 -0.9659258325632386 -0.2588190216869961 2.200000047683716 0.0 0.0 0.0 1.0
-0.9914448598325145 0.0337826721296535 -0.12607863013003567 3.8499999046325684 0.1305262039273571 0.25660485100054786 -0.9576621849751095 3.0 4.928892849420663e-10 -0.9659258157367816 -0.2588190844841878 2.200000047683716 0.0 0.0 0.0 1.0
-0.9807852851671761 0.05049308584061711 -0.18844275704264218 4.125 0.1950902980661524 0.25384592862162825 -0.9473658322541946 3.0 2.363030618401929e-09 -0.9659258215849263 -0.25881906265861576 2.200000047683716 0.0 0.0 0.0 1.0
-0.9659258425766497 0.0669872876516261 -0.24999993987132613 4.400000095367432 0.25881898431642913 0.24999995040803857 -0.9330127320424894 3.0 -1.9694115685475744e-08 -0.9659258398495488 -0.2588189944941115 2.200000047683716 0.0 0.0 0.0 1.0
-0.9469301295814074 0.08319467039105567 -0.31048667686305187 4.675000190734863 0.3214394650489226 0.24508357935741065 -0.9146642605013174 3.0 -5.56250143168846e-09 -0.9659258180356726 -0.25881907590461006 2.200000047683716 0.0 0.0 0.0 1.0
-0.9238795334940875 0.09904576658809697 -0.3696438065377581 4.949999809265137 0.38268342999239824 0.23911757409275725 -0.892399113720564 3.0 -2.4023270372985905e-08 -0.9659258366360075 -0.258819006487214 2.200000047683716 0.0 0.0 0.0 1.0
-0.8968727358176518 0.11447274433769933 -0.427218078445607 5.224999904632568 0.44228870180794927 0.2321277488025386 -0.866312537418745 3.0 -2.8151544706478404e-09 -0.9659258248124756 -0.25881905061323995 2.200000047683716 0.0 0.0 0.0 1.0
-0.8660254201075439 0.1294095118016028 -0.4829628867551031 5.5 0.49999997172755006 0.22414380719160332 -0.8365163369415463 3.0 -3.060813455468825e-08 -0.9659258418496339 -0.25881898702969 2.200000047683716 0.0 0.0 0.0 1.0
-0.7880107405942298 0.15934489709626992 -0.5946833413485817 4.449999809265137 0.6156614919808889 0.20395213151516367 -0.7611599407104184 3.0 -1.7381701467034105e-08 -0.9659258417807244 -0.25881898728686714 2.200000047683716 0.0 0.0 0.0 1.0
-0.6946583489420204 0.18617883713469208 -0.6948289133652401 3.4000000953674316 0.7193398211173533 0.17979084011393742 -0.6709884317676267 3.0 2.8112063399365894e-08 -0.9659258224182117 -0.25881905954875295 2.200000047683716 0.0 0.0 0.0 1.0
-0.5877852357218822 0.20938906476939284 -0.7814504054784095 2.3499999046325684 0.8090170064141864 0.15213005338174046 -0.5677569287914481 3.0 -4.3537079497113496e-10 -0.9659258079237081 -0.25881911364296917 2.200000047683716 0.0 0.0 0.0 1.0
-0.46947157864978806 0.22852365893984622 -0.852861872840392 1.2999999523162842 0.8829475844239423 0.1215081471621543 -0.453474732849743 3.0 -3.923351149515142e-08 -0.9659258291804631 -0.2588190343116856 2.200000047683716 0.0 0.0 0.0 1.0
-0.34202010972682717 0.2432103595732376 -0.907673380428613 0.25 0.939692633014886 0.08852132268246193 -0.33036605589572654 3.0 9.540103707017522e-10 -0.9659258234599611 -0.25881905566089225 2.200000047683716 0.0 0.0 0.0 1.0
-0.2079116953288107 0.2531631916498154 -0.9448180382164486 -0.800000011920929 0.9781475997749518 0.05381152081543783 -0.20082727225660968 3.0 2.2315475856071743e-08 -0.9659258349486303 -0.2588190127845922 2.200000047683716 0.0 0.0 0.0 1.0
-0.06975644349879939 0.2581885603224407 -0.963572885623617 -1.850000023841858 0.9975640523747826 0.0180542731302773 -0.06737955647923966 3.0 -2.262456127999357e-08 -0.9659258307656766 -0.2588190283955889 2.200000047683716 0.0 0.0 0.0 1.0
0.06975644349879939 0.2581885603224407 -0.963572885623617 -2.9000000953674316 0.9975640523747826 -0.0180542731302773 0.06737955647923966 3.0 2.262456127999357e-08 -0.9659258307656766 -0.2588190283955889 2.200000047683716 0.0 0.0 0.0 1.0
0.2079116953288105 0.2531631916498154 -0.9448180382164488 -3.950000047683716 0.978147599774952 -0.05381152081543794 0.20082727225660968 3.0 -2.231547574504944e-08 -0.9659258349486305 -0.2588190127845924 2.200000047683716 0.0 0.0 0.0 1.0
0.34202010972682695 0.2432103595732376 -0.907673380428613 -5.0 0.939692633014886 -0.08852132268246193 0.33036605589572654 3.0 -9.540103707017522e-10 -0.9659258234599611 -0.25881905566089225 2.200000047683716 0.0 0.0 0.0 1.0
0.4067366856322736 0.23644300488746917 -0.8824171201878719 -5.0 0.9135454386952361 -0.10527126278194676 0.39287745248540634 3.25 -3.912440277309415e-08 -0.9659258080577815 -0.25881911314259587 2.200000047683716 0.0 0.0 0.0 1.0
0.46947157864978784 0.22852365893984622 -0.852861872840392 -5.0 0.8829475844239423 -0.12150814716215463 0.453474732849743 3.5 3.923351149515142e-08 -0.9659258291804631 -0.2588190343116856 2.200000047683716 0.0 0.0 0.0 1.0
0.52991930557195 0.21949098124490724 -0.8191515358798334 -5.0 0.8480480703251094 -0.13715318054328307 0.5118627506321589 3.75 1.8906135490492915e-08 -0.9659258326698843 -0.25881902128898915 2.200000047683716 0.0 0.0 0.0 1.0
0.5877852357218822 0.20938906476939267 -0.7814504054784093 -5.0 0.8090170064141861 -0.15213005338174046 0.567756928791448 4.0 4.353708504822862e-10 -0.9659258079237077 -0.25881911364296895 2.200000047683716 0.0 0.0 0.0 1.0
0.6427875200003751 0.1982669503605226 -0.7399421737720492 -5.0 0.7660445183745943 -0.16636561176462816 0.6208850772006178 4.25 5.8370888456060754e-08 -0.9659258251112863 -0.2588190494980567 2.200000047683716 0.0 0.0 0.0 1.0
0.6946583380274434 0.18617883643082273 -0.6948289244657386 -5.0 0.719339831657436 -0.17979073950400926 0.6709884474263716 4.5 4.224189553703184e-08 -0.9659258412807197 -0.25881898915290535 2.200000047683716 0.0 0.0 0.0 1.0
0.743144840162864 0.1731837551252471 -0.6463305141334654 -5.0 0.66913059004899 -0.19234011548027397 0.7178227730002199 4.75 -4.238425971303528e-08 -0.9659258081953049 -0.2588191126293513 2.200000047683716 0.0 0.0 0.0 1.0
0.7880107405942292 0.15934489709626992 -0.5946833413485815 -5.0 0.6156614919808889 -0.203952131515164 0.7611599407104181 5.0 1.7381701467034105e-08 -0.9659258417807242 -0.2588189872868667 2.200000047683716 0.0 0.0 0.0 1.0
0.8290375482003345 0.14472974265443506 -0.5401389129336629 -5.0 0.5591929395780835 -0.21457064004002957 0.8007887965992241 5.25 4.193658476037143e-09 -0.9659258470628026 -0.2588189675738757 2.200000047683716 0.0 0.0 0.0 1.0
0.8660254201075441 0.12940951180160284 -0.48296288675510324 -5.0 0.49999997172755006 -0.22414380719160376 0.8365163369415465 5.5 3.060813447142152e-08 -0.9659258418496341 -0.25881898702969064 2.200000047683716 0.0 0.0 0.0 1.0
0.8987940302829204 0.1134588028631292 -0.4234340458449822 -5.0 0.43837117962724786 -0.23262501611746855 0.8681683654387338 5.75 -8.313055410713588e-09 -0.9659258263082178 -0.25881904503105413 2.200000047683716 0.0 0.0 0.0 1.0
0.9271838381850619 0.0969553260295763 -0.3618422238530429 -5.0 0.3746066339621023 -0.23997276240069398 0.8955908346434569 6.0 2.3350731764848476e-08 -0.9659258450110333 -0.25881897523118513 2.200000047683716 0.0 0.0 0.0 1.0
0.951056494557605 0.07997949106276873 -0.29848756283828753 -5.0 0.3090170612762344 -0.24615154214954105 0.9186500281051554 6.25 -1.2192454046378032e-08 -0.9659258249507273 -0.2588190500972767 2.200000047683716 0.0 0.0 0.0 1.0
0.9702957371843415 0.06261398813642316 -0.23367856318359043 -5.0 0.2419218518486813 -0.2511310771510302 0.9372336953434119 6.5 -9.798111724745873e-09 -0.9659258100799537 -0.2588191055957516 2.200000047683716 0.0 0.0 0.0 1.0
0.9848077427524524 0.044943468952992435 -0.1677313161377172 -5.0 0.17364823585288552 -0.254887033698203 0.9512512235144359 6.75 -7.798121176572081e-09 -0.9659258173643575 -0.25881907840999174 2.200000047683716 0.0 0.0 0.0 1.0
0.9945218882542274 0.027053956825532702 -0.10096681238569587 -5.0 0.10452853095325597 -0.2574011975472206 0.960634378792478 7.0 -1.7411629568697684e-08 -0.9659258288923318 -0.258819035387007 2.200000047683716 0.0 0.0 0.0 1.0
0.999390827304436 0.009032650003650278 -0.033710317911088666 -5.0 0.034899488531425625 -0.2586613196388108 0.9653374267182196 7.25 -2.0535595446347088e-10 -0.9659258423691855 -0.258818985090699 2.200000047683716 0.0 0.0 0.0 1.0
0.999390827304436 -0.009032650003650278 0.033710317911088666 -5.0 -0.034899488531425625 -0.2586613196388108 0.9653374267182196 7.5 2.0535595446347088e-10 -0.9659258423691855 -0.258818985090699 2.200000047683716 0.0 0.0 0.0 1.0
0.9945218882542274 -0.027053956825532702 0.10096681238569587 -5.0 -0.10452853095325597 -0.2574011975472206 0.960634378792478 7.75 1.7411629568697684e-08 -0.9659258288923318 -0.258819035387007 2.200000047683716 0.0 0.0 0.0 1.0
0.9848077427524524 -0.044943468952992435 0.1677313161377172 -5.0 -0.17364823585288552 -0.254887033698203 0.9512512235144359 8.0 7.798121176572081e-09 -0.9659258173643575 -0.25881907840999174 2.200000047683716 0.0 0.0 0.0 1.0
